#Req-Rate Cores Tenants Throughput Median(us) Tail(us) Context-Switches(%) Execution-Time(sec) CS-Time(sec) Total-Time(sec)
1000000, 32, 32, 1000002, 1.00, 1.00, 0.00, 640.00, 1.38, 20480.00
2000000, 32, 32, 2000004, 1.00, 1.00, 0.00, 640.00, 1.35, 10240.19
3000000, 32, 32, 3000069, 1.00, 1.00, 0.00, 640.00, 1.37, 6826.79
4000000, 32, 32, 4000079, 1.00, 1.00, 0.00, 640.58, 1.36, 5124.40
5000000, 32, 32, 5000124, 1.00, 1.00, 0.00, 640.00, 1.35, 4096.25
6000000, 32, 32, 6000137, 1.00, 1.00, 0.00, 640.01, 1.36, 3413.66
7000000, 32, 32, 7000306, 1.00, 1.00, 0.00, 640.04, 1.36, 2926.03
8000000, 32, 32, 8000183, 1.00, 1.00, 0.00, 640.01, 1.34, 2560.25
9000000, 32, 32, 9000769, 1.00, 1.00, 0.00, 640.04, 1.39, 2275.68
10000000, 32, 32, 10000229, 1.00, 1.00, 0.00, 640.22, 1.37, 2048.56
11000000, 32, 32, 11000596, 1.00, 1.00, 0.00, 640.16, 1.39, 1862.18
12000000, 32, 32, 12000274, 1.00, 1.00, 0.00, 640.22, 1.35, 1707.19
13000000, 32, 32, 13001380, 1.00, 1.00, 0.00, 640.29, 1.34, 1575.96
14000000, 32, 32, 14000294, 1.00, 1.00, 0.00, 640.34, 1.35, 1463.64
15000000, 32, 32, 15002283, 1.00, 2.72, 0.00, 640.34, 1.35, 1365.83
16000000, 32, 32, 16002543, 1.00, 9.64, 0.00, 640.39, 1.38, 1280.52
17000000, 32, 32, 17003004, 1.00, 14.42, 0.00, 640.44, 1.39, 1205.35
18000000, 32, 32, 18000885, 1.00, 15.47, 0.00, 640.45, 1.40, 1138.51
19000000, 32, 32, 19002080, 1.00, 17.16, 0.00, 640.57, 1.36, 1078.74
20000000, 32, 32, 20003823, 1.00, 20.11, 0.00, 640.43, 1.35, 1024.48
21000000, 32, 32, 21001577, 1.00, 22.29, 0.00, 640.95, 1.38, 976.63
22000000, 32, 32, 22002767, 1.00, 26.35, 0.00, 640.52, 1.33, 931.61
23000000, 32, 32, 23004546, 1.00, 29.15, 0.00, 640.74, 1.36, 891.28
24000000, 32, 32, 24005470, 1.00, 33.60, 0.00, 640.84, 1.40, 854.29
25000000, 32, 32, 25005940, 1.00, 37.91, 0.00, 641.20, 1.41, 820.59
26000000, 32, 32, 26001557, 1.00, 41.16, 0.00, 641.89, 1.40, 789.98
27000000, 32, 32, 27003570, 1.00, 46.15, 0.00, 641.61, 1.38, 760.36
28000000, 32, 32, 28003983, 1.00, 53.42, 0.00, 642.87, 1.38, 734.60
29000000, 32, 32, 29002300, 1.00, 64.75, 0.00, 644.57, 1.43, 711.16
30000000, 32, 32, 30008622, 1.00, 99.20, 0.00, 648.16, 1.44, 691.17
31000000, 32, 32, 31006961, 1.00, 215.63, 0.00, 651.46, 1.45, 672.31
32000000, 32, 32, 31663566, 109620.94, 216669.56, 0.00, 641.67, 1.28, 648.49

