#Req-Rate Cores Tenants Throughput Median(us) Tail(us) Context-Switches(%) Execution-Time(sec) CS-Time(sec) Total-Time(sec)
1000000, 32, 32, 1000009, 1.00, 1.00, 0.00, 640.00, 7.39, 20480.98
2000000, 32, 32, 2000037, 1.00, 1.00, 0.00, 640.08, 7.43, 10241.73
3000000, 32, 32, 3000024, 1.00, 1.00, 0.00, 640.16, 7.39, 6828.35
4000000, 32, 32, 4000069, 1.00, 1.00, 0.00, 640.28, 7.43, 5122.23
5000000, 32, 32, 5000009, 1.00, 7.17, 0.00, 640.30, 7.38, 4097.85
6000000, 32, 32, 6000347, 1.00, 8.17, 0.00, 640.31, 7.39, 3414.75
7000000, 32, 32, 7000387, 1.00, 9.17, 0.00, 640.49, 7.40, 2927.73
8000000, 32, 32, 8000545, 1.00, 10.08, 0.00, 640.63, 7.33, 2562.39
9000000, 32, 32, 9000598, 1.00, 11.17, 0.00, 640.59, 7.36, 2277.45
10000000, 32, 32, 10000209, 1.00, 11.17, 0.00, 640.62, 7.47, 2050.07
11000000, 32, 32, 11000738, 1.00, 12.16, 0.00, 640.83, 7.39, 1864.14
12000000, 32, 32, 12000303, 1.00, 12.23, 0.00, 641.19, 7.34, 1709.73
13000000, 32, 32, 13000571, 1.00, 13.17, 0.00, 641.26, 7.38, 1578.47
14000000, 32, 32, 14001087, 1.00, 13.86, 0.00, 641.22, 7.38, 1465.49
15000000, 32, 32, 15000443, 1.00, 14.17, 0.00, 641.69, 7.45, 1368.81
16000000, 32, 32, 16000169, 1.00, 15.17, 0.00, 641.57, 7.43, 1283.11
17000000, 32, 32, 17000126, 1.00, 20.16, 0.00, 641.96, 7.39, 1208.37
18000000, 32, 32, 18000898, 1.00, 21.67, 0.00, 642.22, 7.40, 1141.69
19000000, 32, 32, 19002007, 1.00, 26.37, 0.00, 642.80, 7.42, 1082.49
20000000, 32, 32, 20003683, 1.00, 30.21, 0.00, 642.60, 7.45, 1027.95
21000000, 32, 32, 21001386, 1.00, 36.46, 0.00, 643.92, 7.44, 981.15
22000000, 32, 32, 22002544, 1.00, 39.89, 0.00, 643.83, 7.42, 936.37
23000000, 32, 32, 23004298, 1.00, 47.68, 0.00, 643.93, 7.51, 895.70
24000000, 32, 32, 24001017, 1.00, 51.71, 0.00, 647.36, 7.47, 863.08
25000000, 32, 32, 25000773, 1.00, 66.16, 0.00, 651.36, 7.53, 833.72
26000000, 32, 32, 26002725, 1.00, 98.23, 0.00, 649.55, 7.50, 799.34
27000000, 32, 32, 27004581, 1.00, 130.73, 0.00, 654.00, 7.50, 775.00
28000000, 32, 32, 28004852, 1.00, 215.58, 0.00, 657.84, 7.55, 751.70
29000000, 32, 32, 29002885, 65.13, 457.97, 0.00, 688.06, 7.96, 759.13
30000000, 32, 32, 30006475, 673.67, 3389.53, 0.00, 701.92, 8.16, 748.51
31000000, 32, 32, 30737398, 92083.26, 184607.82, 0.00, 662.38, 5.13, 689.63
32000000, 32, 32, 31260241, 239674.75, 474237.56, 0.00, 641.54, 2.88, 656.68

