#Req-Rate Cores Tenants Throughput Median(us) Tail(us) Context-Switches(%) Execution-Time(sec) CS-Time(sec) Total-Time(sec)
1000000, 32, 32, 1000004, 1.00, 1.00, 0.00, 640.00, 14.81, 20481.69
2000000, 32, 32, 2000030, 1.00, 1.00, 0.00, 640.16, 14.86, 10242.64
3000000, 32, 32, 3000019, 1.00, 7.17, 0.00, 640.32, 14.84, 6829.76
4000000, 32, 32, 4000079, 1.00, 8.17, 0.00, 640.58, 14.90, 5124.40
5000000, 32, 32, 5000016, 1.00, 9.17, 0.00, 640.61, 14.92, 4099.85
6000000, 32, 32, 6000301, 1.00, 10.17, 0.00, 640.79, 14.93, 3417.51
7000000, 32, 32, 7000467, 1.00, 11.17, 0.00, 640.76, 14.72, 2929.08
8000000, 32, 32, 8000336, 1.00, 11.29, 0.00, 641.10, 15.04, 2564.29
9000000, 32, 32, 9000071, 1.00, 13.14, 0.00, 640.97, 14.87, 2279.00
10000000, 32, 32, 10000365, 1.00, 12.39, 0.00, 642.05, 14.91, 2054.46
11000000, 32, 32, 11000722, 1.00, 14.08, 0.00, 642.01, 14.93, 1867.63
12000000, 32, 32, 12000390, 1.00, 14.89, 0.00, 642.05, 14.82, 1712.03
13000000, 32, 32, 13001486, 1.00, 15.83, 0.00, 641.68, 14.83, 1579.27
14000000, 32, 32, 14000706, 1.00, 19.31, 0.00, 641.94, 14.95, 1467.24
15000000, 32, 32, 15000429, 1.00, 22.35, 0.00, 642.95, 15.01, 1371.57
16000000, 32, 32, 16000443, 1.00, 23.71, 0.00, 644.09, 14.92, 1288.18
17000000, 32, 32, 17000634, 1.00, 26.81, 0.00, 642.80, 14.95, 1209.99
18000000, 32, 32, 18001597, 1.00, 31.61, 0.00, 646.31, 15.11, 1148.93
19000000, 32, 32, 19002865, 1.00, 33.64, 0.00, 644.06, 14.97, 1084.51
20000000, 32, 32, 20000501, 1.00, 37.55, 0.00, 645.40, 15.07, 1032.65
21000000, 32, 32, 21002490, 1.00, 51.12, 0.00, 645.98, 14.98, 984.28
22000000, 32, 32, 22003747, 1.00, 61.75, 0.00, 646.98, 15.14, 940.92
23000000, 32, 32, 23000078, 1.00, 76.83, 0.00, 652.63, 15.13, 908.02
24000000, 32, 32, 24000572, 1.00, 100.09, 0.00, 652.65, 15.12, 870.15
25000000, 32, 32, 25000590, 1.00, 143.39, 0.00, 657.42, 15.26, 841.53
26000000, 32, 32, 26002756, 31.92, 222.24, 0.00, 660.57, 15.38, 812.88
27000000, 32, 32, 27004571, 45.20, 416.82, 0.00, 685.90, 16.00, 812.77
28000000, 32, 32, 28001853, 195.74, 1203.49, 0.00, 698.45, 16.18, 798.16
29000000, 32, 32, 28534610, 19542.02, 37799.33, 0.00, 702.00, 16.06, 787.32
30000000, 32, 32, 29824250, 63910.51, 126722.46, 0.00, 656.77, 9.05, 704.68
31000000, 32, 32, 30615984, 133355.62, 263413.44, 0.00, 648.20, 5.48, 677.49
32000000, 32, 32, 31214650, 250662.93, 497521.46, 0.00, 641.19, 3.08, 657.29

