#Req-Rate Cores Tenants Throughput Median(us) Tail(us) Context-Switches(%) Execution-Time(sec) CS-Time(sec) Total-Time(sec)
1000000, 32, 32, 1000002, 1.00, 1.00, 0.00, 640.00, 0.00, 20481.43
2000000, 32, 32, 2000004, 1.00, 1.00, 0.00, 640.00, 0.00, 10240.94
3000000, 32, 32, 3000069, 1.00, 1.00, 0.00, 640.16, 0.00, 6828.23
4000000, 32, 32, 4000092, 1.00, 1.00, 0.00, 640.10, 0.00, 5120.89
5000000, 32, 32, 5000113, 1.00, 1.00, 0.00, 640.20, 0.00, 4097.26
6000000, 32, 32, 6000137, 1.00, 13.31, 0.00, 640.29, 0.00, 3414.63
7000000, 32, 32, 7000305, 1.00, 31.72, 0.00, 640.44, 0.00, 2927.59
8000000, 32, 32, 8000183, 1.00, 50.72, 0.00, 640.40, 0.00, 2561.55
9000000, 32, 32, 9000490, 1.00, 68.96, 0.00, 640.72, 0.00, 2277.97
10000000, 32, 32, 10001010, 1.00, 88.92, 0.00, 640.67, 0.00, 2049.89
11000000, 32, 32, 11000645, 1.00, 108.50, 0.00, 641.02, 0.00, 1864.66
12000000, 32, 32, 12000089, 1.00, 127.52, 0.00, 640.71, 0.00, 1708.48
13000000, 32, 32, 13000357, 1.00, 146.70, 0.00, 640.83, 0.00, 1577.31
14000000, 32, 32, 14000176, 1.00, 166.97, 0.00, 640.99, 0.00, 1465.07
15000000, 32, 32, 15000416, 1.00, 186.46, 0.00, 641.70, 0.00, 1368.93
16000000, 32, 32, 16000898, 1.00, 207.82, 0.00, 641.29, 0.00, 1282.55
17000000, 32, 32, 17001527, 1.00, 227.20, 0.00, 641.67, 0.00, 1207.76
18000000, 32, 32, 18002901, 1.00, 247.50, 0.00, 641.66, 0.00, 1140.56
19000000, 32, 32, 19000806, 1.00, 269.12, 0.00, 641.99, 0.00, 1081.21
20000000, 32, 32, 20000070, 1.00, 290.31, 0.00, 641.68, 0.00, 1026.70
21000000, 32, 32, 21000289, 1.00, 312.93, 0.00, 642.04, 0.00, 978.35
22000000, 32, 32, 22000078, 1.00, 335.34, 0.00, 643.55, 0.00, 936.10
23000000, 32, 32, 23000664, 1.00, 383.26, 0.00, 644.09, 0.00, 896.04
24000000, 32, 32, 24000573, 1.00, 478.55, 0.00, 646.60, 0.00, 862.09
25000000, 32, 32, 25000146, 1.00, 577.50, 0.00, 648.56, 0.00, 830.10
26000000, 32, 32, 26002000, 1.00, 688.14, 0.00, 650.53, 0.00, 800.58
27000000, 32, 32, 27003807, 1.00, 833.13, 0.00, 650.99, 0.00, 771.43
28000000, 32, 32, 28004064, 1.00, 1048.74, 0.00, 652.40, 0.00, 745.49
29000000, 32, 32, 29002186, 1.31, 1537.40, 0.00, 676.31, 0.00, 746.21
30000000, 32, 32, 30008170, 434.18, 4131.35, 0.00, 691.94, 0.00, 737.88
31000000, 32, 32, 30484367, 185749.17, 363160.21, 0.00, 663.43, 0.00, 696.41
32000000, 32, 32, 30474503, 501151.45, 994511.39, 0.00, 641.96, 0.00, 674.09

