#Req-Rate Cores Tenants Throughput Median(us) Tail(us) Context-Switches(%) Execution-Time(sec) CS-Time(sec) Total-Time(sec)
1000000, 32, 32, 1000008, 1.00, 1.00, 0.00, 640.01, 0.00, 20482.76
2000000, 32, 32, 2000029, 1.00, 1.00, 0.00, 640.14, 0.00, 10242.17
3000000, 32, 32, 3000057, 1.00, 2.94, 0.00, 640.22, 0.00, 6828.91
4000000, 32, 32, 4000113, 1.00, 38.96, 0.00, 640.56, 0.00, 5124.40
5000000, 32, 32, 5000195, 1.00, 73.42, 0.00, 640.39, 0.00, 4098.25
6000000, 32, 32, 6000303, 1.00, 108.93, 0.00, 640.61, 0.00, 3416.50
7000000, 32, 32, 7000054, 1.00, 144.33, 0.00, 640.88, 0.00, 2929.70
8000000, 32, 32, 8000611, 1.00, 180.88, 0.00, 640.88, 0.00, 2563.46
9000000, 32, 32, 9000502, 1.00, 216.77, 0.00, 641.14, 0.00, 2279.44
10000000, 32, 32, 10000911, 1.00, 253.23, 0.00, 641.31, 0.00, 2052.04
11000000, 32, 32, 11000211, 1.00, 290.32, 0.00, 641.74, 0.00, 1866.81
12000000, 32, 32, 12001351, 1.00, 328.52, 0.00, 641.87, 0.00, 1711.43
13000000, 32, 32, 13000922, 1.00, 367.00, 0.00, 641.63, 0.00, 1579.34
14000000, 32, 32, 14000104, 1.00, 403.65, 0.00, 641.79, 0.00, 1466.92
15000000, 32, 32, 15002161, 1.00, 445.39, 0.00, 643.67, 0.00, 1373.03
16000000, 32, 32, 16002456, 1.00, 486.41, 0.00, 642.12, 0.00, 1284.03
17000000, 32, 32, 17002958, 1.00, 538.45, 0.00, 642.37, 0.00, 1209.05
18000000, 32, 32, 18000880, 1.00, 665.54, 0.00, 643.52, 0.00, 1143.94
19000000, 32, 32, 19002130, 1.00, 801.99, 0.00, 643.22, 0.00, 1083.18
20000000, 32, 32, 20003907, 1.00, 973.78, 0.00, 646.52, 0.00, 1034.24
21000000, 32, 32, 21001689, 1.00, 1171.80, 0.00, 644.98, 0.00, 982.71
22000000, 32, 32, 22002936, 1.00, 1359.14, 0.00, 646.71, 0.00, 940.48
23000000, 32, 32, 23004704, 1.00, 1564.44, 0.00, 650.24, 0.00, 904.51
24000000, 32, 32, 24005686, 1.00, 1756.93, 0.00, 649.39, 0.00, 865.62
25000000, 32, 32, 25006144, 1.00, 2130.16, 0.00, 655.84, 0.00, 839.25
26000000, 32, 32, 26001845, 1.00, 2626.30, 0.00, 654.58, 0.00, 805.60
27000000, 32, 32, 27003648, 131.11, 3701.73, 0.00, 668.17, 0.00, 791.80
28000000, 32, 32, 28003414, 649.67, 6246.17, 0.00, 680.30, 0.00, 777.40
29000000, 32, 32, 28986582, 10344.44, 33743.32, 0.00, 700.52, 0.00, 773.35
30000000, 32, 32, 29093588, 349661.37, 686051.95, 0.00, 664.44, 0.00, 730.79
31000000, 32, 32, 29085288, 691768.67, 1374150.15, 0.00, 653.13, 0.00, 718.61
32000000, 32, 32, 29096283, 996099.50, 1982209.60, 0.00, 641.37, 0.00, 705.41


