#Req-Rate Cores Tenants Throughput Median(us) Tail(us) Context-Switches(%) Execution-Time(sec) CS-Time(sec) Total-Time(sec)
1000000, 32, 32, 1000004, 1.00, 1.00, 0.00, 640.00, 0.00, 20480.17
2000000, 32, 32, 2000018, 1.00, 1.00, 0.00, 640.00, 0.00, 10240.27
3000000, 32, 32, 3000045, 1.00, 1.00, 0.00, 640.00, 0.00, 6826.83
4000000, 32, 32, 4000003, 1.00, 1.00, 0.00, 640.00, 0.00, 5120.28
5000000, 32, 32, 5000197, 1.00, 1.00, 0.00, 640.00, 0.00, 4096.12
6000000, 32, 32, 6000221, 1.00, 1.00, 0.00, 640.00, 0.00, 3413.57
7000000, 32, 32, 7000388, 1.00, 1.00, 0.00, 640.00, 0.00, 2925.92
8000000, 32, 32, 8000263, 1.00, 1.00, 0.00, 640.01, 0.00, 2560.28
9000000, 32, 32, 9000000, 1.00, 1.00, 0.00, 640.00, 0.00, 2275.87
10000000, 32, 32, 10000301, 1.00, 1.00, 0.00, 640.08, 0.00, 2048.32
11000000, 32, 32, 11000661, 1.00, 1.00, 0.00, 640.17, 0.00, 1862.21
12000000, 32, 32, 12000333, 1.00, 1.00, 0.00, 640.16, 0.00, 1707.03
13000000, 32, 32, 13001435, 1.00, 1.00, 0.00, 640.18, 0.00, 1575.61
14000000, 32, 32, 14000661, 1.00, 1.00, 0.00, 640.25, 0.00, 1463.39
15000000, 32, 32, 15000387, 1.00, 1.00, 0.00, 640.31, 0.00, 1365.87
16000000, 32, 32, 16000407, 1.00, 1.06, 0.00, 640.22, 0.00, 1280.38
17000000, 32, 32, 17000602, 1.00, 4.72, 0.00, 640.36, 0.00, 1205.37
18000000, 32, 32, 18001569, 1.00, 10.78, 0.00, 640.21, 0.00, 1138.02
19000000, 32, 32, 19002837, 1.00, 17.16, 0.00, 640.36, 0.00, 1078.33
20000000, 32, 32, 20000481, 1.00, 23.31, 0.00, 640.32, 0.00, 1024.51
21000000, 32, 32, 21002471, 1.00, 29.56, 0.00, 640.55, 0.00, 975.97
22000000, 32, 32, 22003731, 1.00, 35.66, 0.00, 640.61, 0.00, 931.65
23000000, 32, 32, 23000067, 1.00, 41.75, 0.00, 640.73, 0.00, 891.40
24000000, 32, 32, 24000565, 1.00, 48.88, 0.00, 640.79, 0.00, 854.39
25000000, 32, 32, 25000580, 1.00, 54.69, 0.00, 641.26, 0.00, 820.79
26000000, 32, 32, 26002767, 1.00, 61.25, 0.00, 640.87, 0.00, 788.65
27000000, 32, 32, 27004841, 1.00, 67.97, 0.00, 641.87, 0.00, 760.57
28000000, 32, 32, 28005312, 1.00, 74.84, 0.00, 641.72, 0.00, 733.23
29000000, 32, 32, 29003684, 1.00, 82.53, 0.00, 642.23, 0.00, 708.58
30000000, 32, 32, 30000688, 1.00, 103.97, 0.00, 645.00, 0.00, 687.96
31000000, 32, 32, 31008452, 1.00, 189.16, 0.00, 650.92, 0.00, 671.76
32000000, 32, 32, 31686921, 100019.23, 196373.97, 0.00, 641.11, 0.00, 647.44

