500000, 32, 10000, 500000, 1.15, 1.15, 0.00, 640.05, 149.37, 40967.47
1000000, 32, 10000, 1000000, 1.15, 1.15, 0.00, 640.07, 149.89, 20483.83
2000000, 32, 10000, 2000000, 1.15, 3.45, 0.00, 640.32, 149.84, 10245.21
3000000, 32, 10000, 3000000, 1.15, 5.75, 0.00, 640.39, 149.55, 6831.07
4000000, 32, 10000, 4000000, 1.15, 14.23, 0.00, 640.86, 149.47, 5126.77
5000000, 32, 10000, 5000000, 1.15, 52.49, 0.00, 641.23, 149.20, 4104.08
6000000, 32, 10000, 6000000, 1.15, 57.49, 0.00, 641.11, 148.47, 3419.03
7000000, 32, 10000, 7000146, 1.15, 63.41, 0.00, 641.58, 148.12, 2932.79
8000000, 32, 10000, 8000000, 1.15, 73.74, 0.00, 643.39, 147.62, 2573.62

