500000, 32, 1000, 500000, 1.15, 1.15, 0.00, 640.36, 85.84, 40985.62
1000000, 32, 1000, 1000000, 1.15, 1.15, 0.00, 640.37, 85.86, 20493.08
2000000, 32, 1000, 2000000, 1.15, 1.15, 0.00, 640.30, 85.84, 10245.81
3000000, 32, 1000, 3000000, 1.15, 1.15, 0.00, 640.32, 85.84, 6830.69
4000000, 32, 1000, 4000000, 1.15, 1.15, 0.00, 640.29, 85.84, 5122.88
5000000, 32, 1000, 5000000, 1.15, 1.15, 0.00, 640.30, 85.84, 4098.32
6000000, 32, 1000, 6000000, 1.15, 1.15, 0.00, 640.36, 85.85, 3415.49
7000000, 32, 1000, 7000146, 1.15, 1.15, 0.00, 640.30, 85.84, 2927.38
8000000, 32, 1000, 8000000, 1.15, 1.15, 0.00, 640.29, 85.84, 2561.45
9000000, 32, 1000, 9000563, 1.15, 1.15, 0.00, 640.36, 85.84, 2276.81
10000000, 32, 1000, 10000000, 1.15, 1.15, 0.00, 640.37, 85.84, 2049.31
11000000, 32, 1000, 11000344, 1.15, 1.15, 0.00, 640.34, 85.85, 1862.92
12000000, 32, 1000, 12000000, 1.15, 1.15, 0.00, 640.30, 85.84, 1707.68
13000000, 32, 1000, 13001084, 1.15, 1.15, 0.00, 640.35, 85.84, 1576.27
14000000, 32, 1000, 14000292, 1.15, 1.15, 0.00, 640.32, 85.84, 1463.69
15000000, 32, 1000, 15000000, 1.15, 1.15, 0.00, 640.34, 85.85, 1366.17
16000000, 32, 1000, 16000000, 1.15, 1.15, 0.00, 640.31, 85.84, 1280.65
17000000, 32, 1000, 17000177, 1.15, 1.15, 0.00, 640.36, 85.85, 1205.42
18000000, 32, 1000, 18001125, 1.15, 1.15, 0.00, 640.42, 85.85, 1138.45
19000000, 32, 1000, 19002375, 1.15, 1.15, 0.00, 640.44, 85.86, 1078.54
20000000, 32, 1000, 20000000, 1.15, 1.15, 0.00, 640.35, 85.85, 1024.67
21000000, 32, 1000, 21001969, 1.15, 1.15, 0.00, 640.31, 85.84, 975.75
22000000, 32, 1000, 22003209, 1.15, 1.15, 0.00, 640.34, 85.84, 931.30
23000000, 32, 1000, 23005032, 1.15, 1.15, 0.00, 640.32, 85.85, 890.73
24000000, 32, 1000, 24000000, 1.15, 1.15, 0.00, 640.29, 85.84, 853.82
25000000, 32, 1000, 25000000, 1.15, 1.15, 0.00, 640.33, 85.84, 819.67
26000000, 32, 1000, 26002167, 1.15, 1.15, 0.00, 640.40, 85.85, 788.18
27000000, 32, 1000, 27004220, 1.15, 1.15, 0.00, 640.29, 85.84, 758.74
28000000, 32, 1000, 28004667, 1.15, 1.15, 0.00, 641.04, 86.05, 732.48
29000000, 32, 1000, 29003013, 6.63, 14.59, 0.00, 642.47, 66.44, 708.87
30000000, 32, 1000, 29778532, 20.84, 556083.04, 0.00, 642.47, 47.88, 690.40
31000000, 32, 1000, 29821855, 22.25, 2858478.65, 0.00, 641.62, 46.87, 688.48
32000000, 32, 1000, 29877338, 23.87, 4924048.23, 0.00, 641.26, 45.54, 686.82
