500000, 32, 1000, 500000, 1.15, 1.15, 0.00, 640.31, 142.70, 40984.22
1000000, 32, 1000, 1000000, 1.15, 1.15, 0.00, 640.32, 143.00, 20492.02
2000000, 32, 1000, 2000000, 1.15, 3.45, 0.00, 640.72, 142.87, 10251.22
3000000, 32, 1000, 3000000, 1.15, 9.04, 0.00, 640.80, 142.53, 6835.07
4000000, 32, 1000, 4000000, 1.15, 13.68, 0.00, 640.99, 141.96, 5127.90
5000000, 32, 1000, 5000000, 1.15, 48.45, 0.00, 641.11, 141.17, 4103.08
6000000, 32, 1000, 6000000, 1.15, 53.51, 0.00, 641.50, 140.19, 3421.24
7000000, 32, 1000, 7000146, 1.15, 58.43, 0.00, 642.37, 139.29, 2936.46
8000000, 32, 1000, 8000000, 1.15, 65.78, 0.00, 641.99, 137.77, 2568.13
9000000, 32, 1000, 9000562, 1.15, 82.98, 0.00, 643.28, 136.47, 2287.04
10000000, 32, 1000, 9999999, 1.15, 129.71, 0.00, 644.02, 134.81, 2060.94
11000000, 32, 1000, 11000344, 1.15, 253.65, 0.00, 644.78, 132.96, 1875.64
12000000, 32, 1000, 12000000, 1.15, 451.99, 0.00, 644.65, 130.64, 1718.98
13000000, 32, 1000, 13001084, 1.15, 720.18, 0.00, 646.61, 128.34, 1591.48
14000000, 32, 1000, 14000292, 1.15, 1081.65, 0.00, 648.12, 125.82, 1481.40
15000000, 32, 1000, 15000000, 3.57, 1567.34, 0.00, 648.29, 122.51, 1383.10
16000000, 32, 1000, 15999987, 7.93, 2303.90, 0.00, 651.82, 119.37, 1303.63
17000000, 32, 1000, 17000160, 13.59, 3496.66, 0.00, 654.86, 115.57, 1232.68
18000000, 32, 1000, 18001045, 21.73, 5476.60, 0.00, 688.80, 116.18, 1224.48
19000000, 32, 1000, 18999167, 35.60, 10870.89, 0.00, 701.39, 111.88, 1181.35
20000000, 32, 1000, 19952861, 49.81, 267681.40, 0.00, 659.42, 96.82, 1057.59
21000000, 32, 1000, 20789604, 55.02, 1092893.54, 0.00, 652.56, 88.21, 1004.45
22000000, 32, 1000, 21129527, 59.27, 4236439.39, 0.00, 649.41, 84.08, 983.57
23000000, 32, 1000, 20981288, 64.94, 9605973.32, 0.00, 644.76, 82.62, 983.37

