500000, 32, 10000, 500000, 1.15, 1.15, 0.00, 640.07, 92.80, 40968.46
1000000, 32, 10000, 1000000, 1.15, 1.15, 0.00, 640.08, 92.80, 20484.48
2000000, 32, 10000, 2000000, 1.15, 1.15, 0.00, 640.05, 92.80, 10242.06
3000000, 32, 10000, 3000000, 1.15, 1.15, 0.00, 640.07, 92.80, 6828.15
4000000, 32, 10000, 4000000, 1.15, 1.15, 0.00, 640.04, 92.80, 5120.89
5000000, 32, 10000, 5000000, 1.15, 1.15, 0.00, 640.14, 92.80, 4097.05
6000000, 32, 10000, 6000000, 1.15, 1.15, 0.00, 640.07, 92.80, 3414.10
7000000, 32, 10000, 7000146, 1.15, 1.15, 0.00, 640.03, 92.80, 2926.12
8000000, 32, 10000, 8000000, 1.15, 1.15, 0.00, 640.10, 92.80, 2560.57
9000000, 32, 10000, 9000563, 1.15, 1.15, 0.00, 640.03, 92.80, 2275.71
10000000, 32, 10000, 10000000, 1.15, 1.15, 0.00, 640.11, 92.80, 2048.50
11000000, 32, 10000, 11000344, 1.15, 1.15, 0.00, 640.04, 92.80, 1862.10
12000000, 32, 10000, 12000000, 1.15, 1.15, 0.00, 640.04, 92.80, 1707.01
13000000, 32, 10000, 13001084, 1.15, 1.15, 0.00, 640.08, 92.80, 1575.61
14000000, 32, 10000, 14000292, 1.15, 1.15, 0.00, 640.04, 92.80, 1463.10
15000000, 32, 10000, 15000000, 1.15, 1.15, 0.00, 640.06, 92.80, 1365.57
16000000, 32, 10000, 16000000, 1.15, 1.15, 0.00, 640.04, 92.80, 1280.17
17000000, 32, 10000, 17000177, 1.15, 1.15, 0.00, 640.09, 92.80, 1204.94
18000000, 32, 10000, 18001125, 1.15, 1.15, 0.00, 640.05, 92.80, 1137.96
19000000, 32, 10000, 19002375, 1.15, 1.15, 0.00, 640.19, 92.80, 1078.10
20000000, 32, 10000, 20000000, 1.15, 1.15, 0.00, 640.03, 92.80, 1024.17
21000000, 32, 10000, 21001969, 1.15, 1.15, 0.00, 640.05, 92.80, 975.36
22000000, 32, 10000, 22003209, 1.15, 1.15, 0.00, 640.07, 92.80, 930.95
23000000, 32, 10000, 23005032, 1.15, 1.15, 0.00, 640.03, 92.80, 890.32
24000000, 32, 10000, 24000000, 1.15, 1.15, 0.00, 640.04, 92.80, 853.48
25000000, 32, 10000, 25000000, 1.15, 1.15, 0.00, 640.15, 92.80, 819.46
26000000, 32, 10000, 26002167, 1.15, 1.15, 0.00, 640.09, 92.80, 787.85
27000000, 32, 10000, 27004220, 1.15, 1.15, 0.00, 640.03, 92.80, 758.46
28000000, 32, 10000, 28004665, 2.30, 6.90, 0.00, 640.99, 91.48, 732.42
29000000, 32, 10000, 28985717, 32.91, 78961.15, 0.00, 640.84, 66.60, 707.46
30000000, 32, 10000, 29026980, 39.01, 4231540.06, 0.00, 641.43, 65.64, 707.13
31000000, 32, 10000, 29107818, 48.09, 7792640.43, 0.00, 641.35, 63.73, 705.07
32000000, 32, 10000, 29238843, 62.56, 10543896.92, 0.00, 641.28, 60.50, 701.81

