500000, 32, 100, 500000, 1.00, 1.15, 0.00, 642.01, 103.35, 41094.41
1000000, 32, 100, 1000000, 1.00, 6.70, 0.00, 642.06, 103.66, 20547.76
2000000, 32, 100, 2000000, 1.00, 8.18, 0.00, 642.30, 103.40, 10276.94
3000000, 32, 100, 3000000, 1.15, 10.18, 0.00, 642.64, 103.17, 6854.85
4000000, 32, 100, 4000000, 1.15, 11.63, 0.00, 642.45, 102.48, 5139.38
5000000, 32, 100, 5000000, 1.15, 15.67, 0.00, 643.31, 102.02, 4117.12
6000000, 32, 100, 6000000, 1.15, 30.12, 0.00, 643.02, 101.24, 3429.39
7000000, 32, 100, 7000146, 1.15, 48.58, 0.00, 643.26, 100.39, 2940.60
8000000, 32, 100, 7999999, 1.15, 67.36, 0.00, 644.87, 99.88, 2579.48
9000000, 32, 100, 9000561, 1.15, 121.41, 0.00, 643.98, 98.64, 2289.52
10000000, 32, 100, 10000000, 1.15, 181.30, 0.00, 644.33, 97.71, 2061.84
11000000, 32, 100, 11000344, 1.15, 249.17, 0.00, 645.77, 97.02, 1878.50
12000000, 32, 100, 12000000, 1.15, 319.19, 0.00, 650.21, 96.21, 1733.86
13000000, 32, 100, 13001079, 1.15, 408.51, 0.00, 648.41, 94.64, 1595.96
14000000, 32, 100, 14000291, 1.15, 521.71, 0.00, 647.07, 92.99, 1478.97
15000000, 32, 100, 14999977, 1.44, 653.29, 0.00, 650.03, 91.61, 1386.75
16000000, 32, 100, 15999989, 3.76, 801.87, 0.00, 655.61, 90.53, 1311.22
17000000, 32, 100, 17000174, 11.87, 980.14, 0.00, 658.46, 88.69, 1239.45
18000000, 32, 100, 18001116, 18.56, 1269.70, 0.00, 662.99, 86.76, 1178.55
19000000, 32, 100, 19001952, 54.86, 1897.15, 0.00, 680.19, 85.99, 1145.42
20000000, 32, 100, 19970266, 8881.93, 38848.15, 0.00, 678.45, 81.04, 1087.20
21000000, 32, 100, 20874452, 42906.46, 174371.96, 0.00, 646.95, 70.40, 992.11
22000000, 32, 100, 21760051, 82874.63, 333163.96, 0.00, 645.77, 64.12, 950.32
23000000, 32, 100, 22615036, 127562.01, 533783.05, 0.00, 645.53, 58.60, 914.43
24000000, 32, 100, 23415378, 185912.55, 811816.34, 0.00, 644.10, 53.61, 881.59
25000000, 32, 100, 24120990, 269500.24, 1230487.20, 0.00, 644.10, 49.60, 856.13
26000000, 32, 100, 24673182, 400461.96, 1833702.43, 0.00, 643.71, 46.54, 836.80
27000000, 32, 100, 24989198, 582658.76, 2719645.49, 0.00, 643.51, 44.79, 826.22
28000000, 32, 100, 25136590, 805240.62, 3797313.24, 0.00, 643.20, 43.61, 820.97
