500000, 32, 100, 500000, 1.00, 1.15, 0.00, 642.00, 46.73, 41092.76
1000000, 32, 100, 1000000, 1.00, 1.15, 0.00, 642.00, 46.73, 20545.76
2000000, 32, 100, 2000000, 1.00, 1.15, 0.00, 642.03, 46.73, 10273.43
3000000, 32, 100, 3000000, 1.00, 1.15, 0.00, 642.02, 46.73, 6848.93
4000000, 32, 100, 4000000, 1.00, 1.15, 0.00, 642.10, 46.73, 5136.97
5000000, 32, 100, 5000000, 1.00, 1.15, 0.00, 642.01, 46.73, 4109.26
6000000, 32, 100, 6000000, 1.00, 1.15, 0.00, 642.00, 46.73, 3424.38
7000000, 32, 100, 7000146, 1.00, 1.15, 0.00, 642.01, 46.73, 2935.07
8000000, 32, 100, 8000000, 1.00, 1.15, 0.00, 642.00, 46.73, 2568.34
9000000, 32, 100, 9000563, 1.00, 1.15, 0.00, 642.02, 46.73, 2282.90
10000000, 32, 100, 10000000, 1.00, 1.15, 0.00, 642.00, 46.73, 2054.67
11000000, 32, 100, 11000344, 1.00, 1.15, 0.00, 642.00, 46.73, 1867.83
12000000, 32, 100, 12000000, 1.00, 1.15, 0.00, 642.02, 46.73, 1712.22
13000000, 32, 100, 13001084, 1.00, 1.15, 0.00, 642.02, 46.73, 1580.36
14000000, 32, 100, 14000292, 1.00, 1.15, 0.00, 642.01, 46.73, 1467.58
15000000, 32, 100, 15000000, 1.00, 1.15, 0.00, 642.00, 46.73, 1369.71
16000000, 32, 100, 16000000, 1.00, 1.15, 0.00, 642.00, 46.73, 1284.21
17000000, 32, 100, 17000177, 1.00, 1.15, 0.00, 642.01, 46.73, 1208.61
18000000, 32, 100, 18001125, 1.00, 1.15, 0.00, 642.01, 46.73, 1141.44
19000000, 32, 100, 19002375, 1.00, 1.15, 0.00, 642.02, 46.73, 1081.27
20000000, 32, 100, 20000000, 1.00, 1.15, 0.00, 642.00, 46.73, 1027.28
21000000, 32, 100, 21001969, 1.00, 1.15, 0.00, 642.00, 46.73, 978.36
22000000, 32, 100, 22003209, 1.00, 1.15, 0.00, 642.03, 46.73, 933.80
23000000, 32, 100, 23005032, 1.00, 1.15, 0.00, 642.01, 46.73, 893.09
24000000, 32, 100, 24000000, 1.00, 1.15, 0.00, 642.01, 46.73, 856.10
25000000, 32, 100, 25000000, 1.00, 1.15, 0.00, 642.00, 46.73, 821.77
26000000, 32, 100, 26002167, 1.00, 1.15, 0.00, 642.03, 46.73, 790.26
27000000, 32, 100, 27004220, 1.00, 1.15, 0.00, 642.04, 46.73, 760.88
28000000, 32, 100, 28004668, 1.00, 1.15, 0.00, 642.19, 46.73, 733.79
29000000, 32, 100, 29003021, 1.04, 1.29, 0.00, 642.34, 46.61, 708.71
30000000, 32, 100, 29999996, 2.42, 4.68, 0.00, 643.52, 42.92, 686.43
31000000, 32, 100, 30960167, 8809.55, 54854.55, 0.00, 642.12, 21.48, 663.75
32000000, 32, 100, 30967523, 237125.29, 992411.55, 0.00, 642.19, 21.44, 663.61
