500000, 32, 32, 500000, 1.00, 1.00, 0.00, 640.00, 56.02, 40960.87
1000000, 32, 32, 1000000, 1.00, 6.88, 0.00, 640.01, 55.88, 20482.86
2000000, 32, 32, 2000000, 1.00, 7.88, 0.00, 640.24, 56.12, 10244.30
3000000, 32, 32, 3000000, 1.00, 8.88, 0.00, 640.47, 56.02, 6831.50
4000000, 32, 32, 4000000, 1.00, 10.79, 0.00, 640.46, 55.94, 5123.54
5000000, 32, 32, 5000000, 1.00, 12.96, 0.00, 641.13, 56.09, 4103.13
6000000, 32, 32, 6000000, 1.00, 14.77, 0.00, 641.22, 56.05, 3419.87
7000000, 32, 32, 7000146, 1.00, 16.04, 0.00, 641.96, 56.05, 2934.48
8000000, 32, 32, 8000000, 1.00, 17.77, 0.00, 641.54, 56.00, 2566.18
9000000, 32, 32, 9000562, 1.00, 24.18, 0.00, 641.54, 56.13, 2280.97
10000000, 32, 32, 10000000, 1.00, 27.62, 0.00, 642.34, 56.17, 2055.53
11000000, 32, 32, 11000344, 1.00, 31.69, 0.00, 642.82, 56.06, 1869.99
12000000, 32, 32, 12000000, 1.00, 39.50, 0.00, 644.58, 56.27, 1718.81
13000000, 32, 32, 13001083, 1.00, 47.18, 0.00, 645.67, 56.45, 1589.23
14000000, 32, 32, 14000291, 1.00, 57.40, 0.00, 649.21, 56.64, 1483.86
15000000, 32, 32, 14999999, 6.88, 73.43, 0.00, 646.93, 56.68, 1380.15
16000000, 32, 32, 15999998, 9.88, 95.63, 0.00, 651.04, 56.90, 1302.09
17000000, 32, 32, 17000173, 14.07, 134.17, 0.00, 657.35, 57.49, 1237.40
18000000, 32, 32, 18001121, 28.56, 208.62, 0.00, 664.11, 58.07, 1180.60
19000000, 32, 32, 19002357, 56.16, 419.49, 0.00, 665.20, 58.14, 1120.20
20000000, 32, 32, 19996827, 509.91, 2084.69, 0.00, 688.95, 60.32, 1102.48
21000000, 32, 32, 20952254, 34498.77, 66882.36, 0.00, 650.59, 51.16, 993.64
22000000, 32, 32, 21884037, 74122.07, 146191.28, 0.00, 642.74, 44.40, 939.87
23000000, 32, 32, 22805202, 114405.68, 226777.11, 0.00, 642.04, 38.72, 900.90
24000000, 32, 32, 23706288, 156846.16, 309897.07, 0.00, 641.69, 33.60, 866.17
25000000, 32, 32, 24598627, 199528.29, 394709.08, 0.00, 641.31, 28.80, 834.31
26000000, 32, 32, 25465033, 249553.09, 494189.62, 0.00, 641.47, 24.64, 806.09
27000000, 32, 32, 26303505, 305454.21, 604597.67, 0.00, 641.15, 20.80, 780.01
28000000, 32, 32, 27103738, 369266.64, 731748.33, 0.00, 641.23, 17.28, 757.08
29000000, 32, 32, 27851712, 445537.23, 882965.29, 0.00, 640.95, 14.40, 736.42
30000000, 32, 32, 28531053, 538748.45, 1067850.14, 0.00, 640.88, 11.75, 718.76
31000000, 32, 32, 29129914, 657189.26, 1299774.67, 0.00, 641.44, 9.59, 704.66
32000000, 32, 32, 29623962, 792472.41, 1569944.24, 0.00, 640.72, 7.68, 692.07


