500000, 32, 32, 500000, 1.00, 1.00, 0.00, 640.00, 0.00, 40960.00
1000000, 32, 32, 1000000, 1.00, 1.00, 0.00, 640.00, 0.00, 20480.00
2000000, 32, 32, 2000000, 1.00, 1.00, 0.00, 640.00, 0.00, 10240.00
3000000, 32, 32, 3000000, 1.00, 1.00, 0.00, 640.00, 0.00, 6826.56
4000000, 32, 32, 4000000, 1.00, 1.00, 0.00, 640.00, 0.00, 5120.00
5000000, 32, 32, 5000000, 1.00, 1.00, 0.00, 640.00, 0.00, 4096.00
6000000, 32, 32, 6000000, 1.00, 1.00, 0.00, 640.00, 0.00, 3413.44
7000000, 32, 32, 7000146, 1.00, 1.00, 0.00, 640.00, 0.00, 2925.76
8000000, 32, 32, 8000000, 1.00, 1.00, 0.00, 640.00, 0.00, 2560.00
9000000, 32, 32, 9000563, 1.00, 1.00, 0.00, 640.00, 0.00, 2275.52
10000000, 32, 32, 10000000, 1.00, 1.00, 0.00, 640.00, 0.00, 2048.00
11000000, 32, 32, 11000344, 1.00, 1.00, 0.00, 640.00, 0.00, 1861.76
12000000, 32, 32, 12000000, 1.00, 1.00, 0.00, 640.00, 0.00, 1706.56
13000000, 32, 32, 13001084, 1.00, 1.00, 0.00, 640.00, 0.00, 1575.36
14000000, 32, 32, 14000292, 1.00, 1.00, 0.00, 640.00, 0.00, 1462.72
15000000, 32, 32, 15000000, 1.00, 1.00, 0.00, 640.00, 0.00, 1365.44
16000000, 32, 32, 16000000, 1.00, 1.00, 0.00, 640.00, 0.00, 1280.00
17000000, 32, 32, 17000177, 1.00, 1.00, 0.00, 640.00, 0.00, 1204.80
18000000, 32, 32, 18001125, 1.00, 1.00, 0.00, 640.00, 0.00, 1137.60
19000000, 32, 32, 19002375, 1.00, 1.00, 0.00, 640.00, 0.00, 1077.76
20000000, 32, 32, 20000000, 1.00, 1.00, 0.00, 640.00, 0.00, 1024.00
21000000, 32, 32, 21001969, 1.00, 1.00, 0.00, 640.00, 0.00, 975.04
22000000, 32, 32, 22003209, 1.00, 1.00, 0.00, 640.00, 0.00, 930.88
23000000, 32, 32, 23005032, 1.00, 1.00, 0.00, 640.00, 0.00, 890.24
24000000, 32, 32, 24000000, 1.00, 1.00, 0.00, 640.00, 0.00, 853.44
25000000, 32, 32, 25000000, 1.00, 1.00, 0.00, 640.00, 0.00, 819.20
26000000, 32, 32, 26002167, 1.00, 1.00, 0.00, 640.00, 0.00, 787.52
27000000, 32, 32, 27004220, 1.00, 1.00, 0.00, 640.00, 0.00, 758.40
28000000, 32, 32, 28004668, 1.00, 1.00, 0.00, 640.00, 0.00, 731.20
29000000, 32, 32, 29003021, 1.00, 1.00, 0.00, 640.00, 0.00, 706.24
30000000, 32, 32, 30000000, 1.00, 1.00, 0.00, 640.00, 0.00, 682.56
31000000, 32, 32, 31007752, 1.00, 1.00, 0.00, 640.00, 0.00, 660.48
32000000, 32, 32, 32000000, 1.00, 1.00, 0.00, 640.00, 0.00, 640.00
500000, 32, 100, 500000, 1.00, 1.15, 0.00, 642.00, 46.73, 41092.76
1000000, 32, 100, 1000000, 1.00, 1.15, 0.00, 642.00, 46.73, 20545.76
2000000, 32, 100, 2000000, 1.00, 1.15, 0.00, 642.03, 46.73, 10273.43
3000000, 32, 100, 3000000, 1.00, 1.15, 0.00, 642.02, 46.73, 6848.93
4000000, 32, 100, 4000000, 1.00, 1.15, 0.00, 642.10, 46.73, 5136.97
5000000, 32, 100, 5000000, 1.00, 1.15, 0.00, 642.01, 46.73, 4109.26
6000000, 32, 100, 6000000, 1.00, 1.15, 0.00, 642.00, 46.73, 3424.38
7000000, 32, 100, 7000146, 1.00, 1.15, 0.00, 642.01, 46.73, 2935.07
8000000, 32, 100, 8000000, 1.00, 1.15, 0.00, 642.00, 46.73, 2568.34
9000000, 32, 100, 9000563, 1.00, 1.15, 0.00, 642.02, 46.73, 2282.90
10000000, 32, 100, 10000000, 1.00, 1.15, 0.00, 642.00, 46.73, 2054.67
11000000, 32, 100, 11000344, 1.00, 1.15, 0.00, 642.00, 46.73, 1867.83
12000000, 32, 100, 12000000, 1.00, 1.15, 0.00, 642.02, 46.73, 1712.22
13000000, 32, 100, 13001084, 1.00, 1.15, 0.00, 642.02, 46.73, 1580.36
14000000, 32, 100, 14000292, 1.00, 1.15, 0.00, 642.01, 46.73, 1467.58
15000000, 32, 100, 15000000, 1.00, 1.15, 0.00, 642.00, 46.73, 1369.71
16000000, 32, 100, 16000000, 1.00, 1.15, 0.00, 642.00, 46.73, 1284.21
17000000, 32, 100, 17000177, 1.00, 1.15, 0.00, 642.01, 46.73, 1208.61
18000000, 32, 100, 18001125, 1.00, 1.15, 0.00, 642.01, 46.73, 1141.44
19000000, 32, 100, 19002375, 1.00, 1.15, 0.00, 642.02, 46.73, 1081.27
20000000, 32, 100, 20000000, 1.00, 1.15, 0.00, 642.00, 46.73, 1027.28
21000000, 32, 100, 21001969, 1.00, 1.15, 0.00, 642.00, 46.73, 978.36
22000000, 32, 100, 22003209, 1.00, 1.15, 0.00, 642.03, 46.73, 933.80
23000000, 32, 100, 23005032, 1.00, 1.15, 0.00, 642.01, 46.73, 893.09
24000000, 32, 100, 24000000, 1.00, 1.15, 0.00, 642.01, 46.73, 856.10
25000000, 32, 100, 25000000, 1.00, 1.15, 0.00, 642.00, 46.73, 821.77
26000000, 32, 100, 26002167, 1.00, 1.15, 0.00, 642.03, 46.73, 790.26
27000000, 32, 100, 27004220, 1.00, 1.15, 0.00, 642.04, 46.73, 760.88
28000000, 32, 100, 28004668, 1.00, 1.15, 0.00, 642.19, 46.73, 733.79
29000000, 32, 100, 29003021, 1.04, 1.29, 0.00, 642.34, 46.61, 708.71
30000000, 32, 100, 29999996, 2.42, 4.68, 0.00, 643.52, 42.92, 686.43
31000000, 32, 100, 30960167, 8809.55, 54854.55, 0.00, 642.12, 21.48, 663.75
32000000, 32, 100, 30967523, 237125.29, 992411.55, 0.00, 642.19, 21.44, 663.61
500000, 32, 1000, 500000, 1.15, 1.15, 0.00, 640.36, 85.84, 40985.62
1000000, 32, 1000, 1000000, 1.15, 1.15, 0.00, 640.37, 85.86, 20493.08
2000000, 32, 1000, 2000000, 1.15, 1.15, 0.00, 640.30, 85.84, 10245.81
3000000, 32, 1000, 3000000, 1.15, 1.15, 0.00, 640.32, 85.84, 6830.69
4000000, 32, 1000, 4000000, 1.15, 1.15, 0.00, 640.29, 85.84, 5122.88
5000000, 32, 1000, 5000000, 1.15, 1.15, 0.00, 640.30, 85.84, 4098.32
6000000, 32, 1000, 6000000, 1.15, 1.15, 0.00, 640.36, 85.85, 3415.49
7000000, 32, 1000, 7000146, 1.15, 1.15, 0.00, 640.30, 85.84, 2927.38
8000000, 32, 1000, 8000000, 1.15, 1.15, 0.00, 640.29, 85.84, 2561.45
9000000, 32, 1000, 9000563, 1.15, 1.15, 0.00, 640.36, 85.84, 2276.81
10000000, 32, 1000, 10000000, 1.15, 1.15, 0.00, 640.37, 85.84, 2049.31
11000000, 32, 1000, 11000344, 1.15, 1.15, 0.00, 640.34, 85.85, 1862.92
12000000, 32, 1000, 12000000, 1.15, 1.15, 0.00, 640.30, 85.84, 1707.68
13000000, 32, 1000, 13001084, 1.15, 1.15, 0.00, 640.35, 85.84, 1576.27
14000000, 32, 1000, 14000292, 1.15, 1.15, 0.00, 640.32, 85.84, 1463.69
15000000, 32, 1000, 15000000, 1.15, 1.15, 0.00, 640.34, 85.85, 1366.17
16000000, 32, 1000, 16000000, 1.15, 1.15, 0.00, 640.31, 85.84, 1280.65
17000000, 32, 1000, 17000177, 1.15, 1.15, 0.00, 640.36, 85.85, 1205.42
18000000, 32, 1000, 18001125, 1.15, 1.15, 0.00, 640.42, 85.85, 1138.45
19000000, 32, 1000, 19002375, 1.15, 1.15, 0.00, 640.44, 85.86, 1078.54
20000000, 32, 1000, 20000000, 1.15, 1.15, 0.00, 640.35, 85.85, 1024.67
21000000, 32, 1000, 21001969, 1.15, 1.15, 0.00, 640.31, 85.84, 975.75
22000000, 32, 1000, 22003209, 1.15, 1.15, 0.00, 640.34, 85.84, 931.30
23000000, 32, 1000, 23005032, 1.15, 1.15, 0.00, 640.32, 85.85, 890.73
24000000, 32, 1000, 24000000, 1.15, 1.15, 0.00, 640.29, 85.84, 853.82
25000000, 32, 1000, 25000000, 1.15, 1.15, 0.00, 640.33, 85.84, 819.67
26000000, 32, 1000, 26002167, 1.15, 1.15, 0.00, 640.40, 85.85, 788.18
27000000, 32, 1000, 27004220, 1.15, 1.15, 0.00, 640.29, 85.84, 758.74
28000000, 32, 1000, 28004667, 1.15, 1.15, 0.00, 641.04, 86.05, 732.48
29000000, 32, 1000, 29003013, 6.63, 14.59, 0.00, 642.47, 66.44, 708.87
30000000, 32, 1000, 29778532, 20.84, 556083.04, 0.00, 642.47, 47.88, 690.40
31000000, 32, 1000, 29821855, 22.25, 2858478.65, 0.00, 641.62, 46.87, 688.48
32000000, 32, 1000, 29877338, 23.87, 4924048.23, 0.00, 641.26, 45.54, 686.82
500000, 32, 10000, 500000, 1.15, 1.15, 0.00, 640.07, 92.80, 40968.46
1000000, 32, 10000, 1000000, 1.15, 1.15, 0.00, 640.08, 92.80, 20484.48
2000000, 32, 10000, 2000000, 1.15, 1.15, 0.00, 640.05, 92.80, 10242.06
3000000, 32, 10000, 3000000, 1.15, 1.15, 0.00, 640.07, 92.80, 6828.15
4000000, 32, 10000, 4000000, 1.15, 1.15, 0.00, 640.04, 92.80, 5120.89
5000000, 32, 10000, 5000000, 1.15, 1.15, 0.00, 640.14, 92.80, 4097.05
6000000, 32, 10000, 6000000, 1.15, 1.15, 0.00, 640.07, 92.80, 3414.10
7000000, 32, 10000, 7000146, 1.15, 1.15, 0.00, 640.03, 92.80, 2926.12
8000000, 32, 10000, 8000000, 1.15, 1.15, 0.00, 640.10, 92.80, 2560.57
9000000, 32, 10000, 9000563, 1.15, 1.15, 0.00, 640.03, 92.80, 2275.71
10000000, 32, 10000, 10000000, 1.15, 1.15, 0.00, 640.11, 92.80, 2048.50
11000000, 32, 10000, 11000344, 1.15, 1.15, 0.00, 640.04, 92.80, 1862.10
12000000, 32, 10000, 12000000, 1.15, 1.15, 0.00, 640.04, 92.80, 1707.01
13000000, 32, 10000, 13001084, 1.15, 1.15, 0.00, 640.08, 92.80, 1575.61
14000000, 32, 10000, 14000292, 1.15, 1.15, 0.00, 640.04, 92.80, 1463.10
15000000, 32, 10000, 15000000, 1.15, 1.15, 0.00, 640.06, 92.80, 1365.57
16000000, 32, 10000, 16000000, 1.15, 1.15, 0.00, 640.04, 92.80, 1280.17
17000000, 32, 10000, 17000177, 1.15, 1.15, 0.00, 640.09, 92.80, 1204.94
18000000, 32, 10000, 18001125, 1.15, 1.15, 0.00, 640.05, 92.80, 1137.96
19000000, 32, 10000, 19002375, 1.15, 1.15, 0.00, 640.19, 92.80, 1078.10
20000000, 32, 10000, 20000000, 1.15, 1.15, 0.00, 640.03, 92.80, 1024.17
21000000, 32, 10000, 21001969, 1.15, 1.15, 0.00, 640.05, 92.80, 975.36
22000000, 32, 10000, 22003209, 1.15, 1.15, 0.00, 640.07, 92.80, 930.95
23000000, 32, 10000, 23005032, 1.15, 1.15, 0.00, 640.03, 92.80, 890.32
24000000, 32, 10000, 24000000, 1.15, 1.15, 0.00, 640.04, 92.80, 853.48
25000000, 32, 10000, 25000000, 1.15, 1.15, 0.00, 640.15, 92.80, 819.46
26000000, 32, 10000, 26002167, 1.15, 1.15, 0.00, 640.09, 92.80, 787.85
27000000, 32, 10000, 27004220, 1.15, 1.15, 0.00, 640.03, 92.80, 758.46
28000000, 32, 10000, 28004665, 2.30, 6.90, 0.00, 640.99, 91.48, 732.42
29000000, 32, 10000, 28985717, 32.91, 78961.15, 0.00, 640.84, 66.60, 707.46
30000000, 32, 10000, 29026980, 39.01, 4231540.06, 0.00, 641.43, 65.64, 707.13
31000000, 32, 10000, 29107818, 48.09, 7792640.43, 0.00, 641.35, 63.73, 705.07
32000000, 32, 10000, 29238843, 62.56, 10543896.92, 0.00, 641.28, 60.50, 701.81

