500000, 32, 1000, 500000, 2.17, 2.17, 89.49, 640.28, 668.59, 40982.78
1000000, 32, 1000, 1000000, 2.17, 2.17, 89.50, 640.32, 668.62, 20491.95
2000000, 32, 1000, 2000000, 2.17, 2.17, 89.49, 640.35, 668.65, 10246.22
3000000, 32, 1000, 3000000, 2.17, 2.17, 89.50, 640.31, 668.64, 6830.65
4000000, 32, 1000, 4000000, 2.17, 2.17, 89.49, 640.39, 668.66, 5123.30
5000000, 32, 1000, 5000000, 2.17, 2.17, 89.50, 640.29, 668.64, 4098.40
6000000, 32, 1000, 6000000, 2.17, 2.17, 89.49, 640.34, 668.64, 3415.43
7000000, 32, 1000, 7000146, 2.17, 2.17, 89.50, 640.31, 668.65, 2927.37
8000000, 32, 1000, 8000000, 2.17, 2.17, 89.49, 640.35, 668.64, 2561.54
9000000, 32, 1000, 9000563, 2.17, 2.17, 89.50, 640.41, 668.68, 2276.93
10000000, 32, 1000, 10000000, 2.17, 2.17, 89.49, 640.32, 668.67, 2049.22
11000000, 32, 1000, 11000344, 2.17, 2.17, 89.49, 640.29, 668.62, 1862.81
12000000, 32, 1000, 12000000, 2.17, 2.17, 89.49, 640.33, 668.63, 1707.67
13000000, 32, 1000, 13001084, 2.17, 2.17, 89.49, 640.31, 668.62, 1576.21
14000000, 32, 1000, 14000292, 2.17, 2.17, 89.50, 640.30, 668.62, 1463.69
15000000, 32, 1000, 15000000, 2.17, 2.17, 89.49, 640.91, 669.20, 1367.29
16000000, 32, 1000, 15999999, 4.33, 14.04, 85.42, 642.76, 640.54, 1285.50
17000000, 32, 1000, 17000174, 7.54, 21.57, 75.63, 642.58, 566.94, 1209.56
18000000, 32, 1000, 18001119, 11.73, 29.32, 66.66, 642.80, 499.87, 1142.66
19000000, 32, 1000, 19002365, 16.74, 39.46, 58.63, 642.46, 439.45, 1081.90
20000000, 32, 1000, 19997904, 24.96, 21883.31, 51.44, 642.41, 385.54, 1027.96
21000000, 32, 1000, 20365772, 32.96, 3344593.66, 48.97, 641.74, 366.61, 1008.41
22000000, 32, 1000, 20593841, 35.33, 6929218.52, 47.47, 641.29, 355.15, 996.45
23000000, 32, 1000, 20889451, 38.20, 9895057.16, 45.59, 640.57, 340.69, 981.32
24000000, 32, 1000, 21404406, 42.28, 12056966.93, 42.43, 640.57, 317.05, 957.67
25000000, 32, 1000, 21930367, 47.12, 13627528.09, 39.36, 640.50, 294.19, 934.60
26000000, 32, 1000, 22464689, 52.72, 14798964.98, 36.38, 640.50, 271.78, 912.47
27000000, 32, 1000, 23003211, 60.27, 15658304.08, 33.52, 640.46, 250.55, 891.02
28000000, 32, 1000, 23524542, 72.27, 16265498.94, 30.88, 640.55, 230.75, 871.33
29000000, 32, 1000, 23888438, 78.48, 16620230.96, 29.11, 640.50, 217.45, 858.06
30000000, 32, 1000, 24252595, 86.62, 16752077.35, 27.38, 640.53, 204.64, 845.15
31000000, 32, 1000, 24616323, 99.76, 16813298.66, 25.71, 640.47, 192.20, 832.60
32000000, 32, 1000, 24899091, 106.98, 16853630.02, 24.44, 640.54, 182.59, 823.25
