500000, 32, 1000, 500002, 3.00, 3.00, 89.50, 640.00, 1145.53, 40959.68
1000000, 32, 1000, 1000004, 3.00, 3.00, 89.49, 640.00, 1145.51, 20480.00
2000000, 32, 1000, 2000011, 3.00, 3.00, 89.50, 640.00, 1145.54, 10240.00
3000000, 32, 1000, 3000016, 3.00, 3.00, 89.49, 640.00, 1145.49, 6826.56
4000000, 32, 1000, 4000115, 3.00, 3.00, 89.50, 640.00, 1145.48, 5120.00
5000000, 32, 1000, 5000210, 3.00, 3.00, 89.49, 640.00, 1145.52, 4095.68
6000000, 32, 1000, 6000025, 3.00, 3.00, 89.50, 640.00, 1145.50, 3413.44
7000000, 32, 1000, 7000540, 3.00, 3.00, 89.49, 640.00, 1145.50, 2925.44
8000000, 32, 1000, 8000615, 3.00, 3.00, 89.50, 640.00, 1145.52, 2559.68
9000000, 32, 1000, 9000042, 3.00, 3.00, 89.50, 640.00, 1145.55, 2275.52
10000000, 32, 1000, 10001020, 3.00, 3.00, 89.49, 640.00, 1145.52, 2047.68
11000000, 32, 1000, 11000449, 3.00, 6.00, 89.69, 641.00, 1149.84, 1864.59
12000000, 32, 1000, 12000917, 7.03, 18.25, 83.32, 643.18, 1071.76, 1714.97
13000000, 32, 1000, 13000991, 11.03, 28.12, 73.09, 642.61, 939.35, 1581.70
14000000, 32, 1000, 14001067, 14.09, 39.18, 64.30, 642.55, 826.28, 1468.58
15000000, 32, 1000, 15000613, 19.09, 51.27, 56.68, 642.38, 728.23, 1370.33
16000000, 32, 1000, 16001223, 23.84, 64.40, 50.01, 642.58, 642.70, 1285.04
17000000, 32, 1000, 17000868, 30.21, 79.49, 44.13, 642.47, 567.02, 1209.28
18000000, 32, 1000, 18000039, 38.27, 95.67, 38.91, 642.40, 499.85, 1142.06
19000000, 32, 1000, 19001395, 48.37, 114.85, 34.22, 642.39, 439.62, 1081.79
20000000, 32, 1000, 20004362, 60.49, 139.06, 30.00, 642.41, 385.43, 1027.58
21000000, 32, 1000, 21001526, 75.61, 167.31, 26.20, 642.44, 336.64, 978.83
22000000, 32, 1000, 22003665, 94.82, 202.62, 22.73, 642.34, 292.04, 934.15
23000000, 32, 1000, 23003784, 122.09, 251.14, 19.57, 642.27, 251.34, 893.44
24000000, 32, 1000, 24001578, 164.49, 326.84, 16.68, 642.46, 214.33, 856.53
25000000, 32, 1000, 25006604, 248.29, 480.30, 14.00, 642.76, 179.95, 822.50
26000000, 32, 1000, 26000681, 657.88, 1276.70, 11.55, 643.75, 148.69, 792.28
27000000, 32, 1000, 26565947, 82414.13, 363677.34, 10.24, 681.41, 139.58, 820.83
28000000, 32, 1000, 26571863, 266063.20, 1181828.37, 10.23, 702.43, 143.73, 845.87
29000000, 32, 1000, 26573275, 438279.92, 1936170.41, 10.22, 698.65, 142.93, 841.30
30000000, 32, 1000, 26573645, 605446.49, 2670857.35, 10.22, 701.67, 143.53, 844.95
31000000, 32, 1000, 26573861, 759803.83, 3312514.51, 10.22, 700.72, 143.38, 843.78
32000000, 32, 1000, 26574326, 905715.35, 4024898.61, 10.22, 702.04, 143.62, 845.39
