500000, 32, 10000, 500003, 3.00, 3.00, 96.55, 640.00, 1235.87, 40959.68
1000000, 32, 10000, 1000006, 3.00, 3.00, 96.56, 640.00, 1235.87, 20480.00
2000000, 32, 10000, 2000009, 3.00, 3.00, 96.56, 640.00, 1235.87, 10240.00
3000000, 32, 10000, 3000014, 3.00, 3.00, 96.56, 640.00, 1235.87, 6826.56
4000000, 32, 10000, 4000114, 3.00, 3.00, 96.55, 640.00, 1235.87, 5120.00
5000000, 32, 10000, 5000209, 3.00, 3.00, 96.56, 640.00, 1235.87, 4095.68
6000000, 32, 10000, 6000029, 3.00, 3.00, 96.56, 640.00, 1235.88, 3413.44
7000000, 32, 10000, 7000546, 3.00, 3.00, 96.55, 640.00, 1235.88, 2925.44
8000000, 32, 10000, 8000616, 3.00, 3.00, 96.56, 640.00, 1235.88, 2559.68
9000000, 32, 10000, 9000039, 3.00, 3.00, 96.56, 640.00, 1235.87, 2275.52
10000000, 32, 10000, 10001007, 3.00, 3.00, 96.56, 640.00, 1235.87, 2047.68
11000000, 32, 10000, 11000448, 6.00, 16.00, 95.43, 642.69, 1226.67, 1869.55
12000000, 32, 10000, 12000925, 21.00, 54.02, 83.34, 641.96, 1070.03, 1711.75
13000000, 32, 10000, 13000989, 40.99, 107.07, 73.09, 641.61, 937.88, 1579.22
14000000, 32, 10000, 14001025, 70.05, 182.94, 64.30, 641.83, 825.38, 1466.95
15000000, 32, 10000, 15000519, 113.14, 284.48, 56.68, 641.33, 727.03, 1368.15
16000000, 32, 10000, 16001092, 171.16, 415.87, 50.01, 641.56, 641.70, 1283.03
17000000, 32, 10000, 17000668, 245.11, 573.15, 44.13, 641.75, 566.41, 1207.95
18000000, 32, 10000, 17999703, 341.34, 765.80, 38.91, 641.68, 499.28, 1140.76
19000000, 32, 10000, 19000910, 464.63, 1000.62, 34.22, 641.46, 439.03, 1080.31
20000000, 32, 10000, 20003651, 622.84, 1290.03, 30.00, 641.71, 385.04, 1026.57
21000000, 32, 10000, 21000499, 828.30, 1653.13, 26.20, 641.51, 336.19, 977.54
22000000, 32, 10000, 22002215, 1107.27, 2134.27, 22.74, 641.61, 291.71, 933.13
23000000, 32, 10000, 23001683, 1506.16, 2812.80, 19.58, 641.47, 251.18, 892.43
24000000, 32, 10000, 23998332, 2093.99, 3906.57, 16.69, 641.91, 214.16, 855.95
25000000, 32, 10000, 25000760, 3350.63, 6408.01, 14.01, 641.73, 179.85, 821.35
26000000, 32, 10000, 25951017, 20139.84, 46824.38, 11.67, 646.24, 150.80, 796.88
27000000, 32, 10000, 26104195, 171267.31, 750409.59, 11.31, 663.05, 149.96, 812.83
28000000, 32, 10000, 26120548, 356125.39, 1604764.74, 11.27, 691.76, 155.89, 847.49
29000000, 32, 10000, 26126694, 527782.95, 2300782.64, 11.25, 703.31, 158.26, 861.51
30000000, 32, 10000, 26130059, 692725.13, 3064937.68, 11.25, 704.00, 158.41, 862.09
31000000, 32, 10000, 26132217, 858124.42, 3713446.33, 11.24, 704.00, 158.39, 862.09
32000000, 32, 10000, 26133685, 1014593.66, 4212889.96, 11.24, 699.87, 157.28, 857.01
