500000, 32, 10000, 500000, 2.17, 2.17, 96.55, 640.07, 721.06, 40968.30
1000000, 32, 10000, 1000000, 2.17, 2.17, 96.56, 640.06, 721.06, 20483.92
2000000, 32, 10000, 2000000, 2.17, 2.17, 96.56, 640.03, 721.02, 10241.50
3000000, 32, 10000, 3000000, 2.17, 2.17, 96.55, 640.05, 721.05, 6827.97
4000000, 32, 10000, 4000000, 2.17, 2.17, 96.55, 640.04, 721.01, 5120.90
5000000, 32, 10000, 5000000, 2.17, 2.17, 96.55, 640.04, 721.04, 4096.67
6000000, 32, 10000, 6000000, 2.17, 2.17, 96.56, 640.04, 721.03, 3413.91
7000000, 32, 10000, 7000146, 2.17, 2.17, 96.55, 640.08, 721.06, 2926.28
8000000, 32, 10000, 8000000, 2.17, 2.17, 96.56, 640.06, 721.05, 2560.45
9000000, 32, 10000, 9000563, 2.17, 2.17, 96.55, 640.05, 721.04, 2275.87
10000000, 32, 10000, 10000000, 2.17, 2.17, 96.56, 640.03, 721.03, 2048.28
11000000, 32, 10000, 11000344, 2.17, 2.17, 96.56, 640.07, 721.08, 1862.15
12000000, 32, 10000, 12000000, 2.17, 2.17, 96.55, 640.08, 721.07, 1707.04
13000000, 32, 10000, 13001084, 2.17, 2.17, 96.56, 640.03, 721.03, 1575.46
14000000, 32, 10000, 14000292, 2.17, 2.17, 96.56, 640.05, 721.04, 1463.10
15000000, 32, 10000, 15000000, 2.17, 10.83, 96.37, 642.49, 722.42, 1370.65
16000000, 32, 10000, 15999994, 13.00, 36.70, 85.71, 642.13, 642.13, 1284.31
17000000, 32, 10000, 17000163, 30.20, 73.65, 75.63, 641.75, 566.27, 1208.07
18000000, 32, 10000, 17734222, 58.48, 3196359.89, 68.95, 641.35, 515.91, 1157.22
19000000, 32, 10000, 17974961, 74.04, 11212118.26, 66.88, 641.43, 500.50, 1141.94
20000000, 32, 10000, 18360513, 94.91, 16070067.53, 63.67, 640.86, 476.11, 1116.99
21000000, 32, 10000, 18958846, 128.79, 20672971.36, 58.96, 640.15, 440.33, 1080.41
22000000, 32, 10000, 19510723, 163.96, 22225463.18, 54.87, 640.15, 409.79, 1049.98
23000000, 32, 10000, 20025926, 204.43, 22951650.11, 51.25, 640.12, 382.75, 1022.86
24000000, 32, 10000, 20501928, 248.05, 23237157.84, 48.07, 640.11, 359.07, 999.12
25000000, 32, 10000, 20946588, 294.98, 23277723.17, 45.23, 640.10, 337.79, 977.96
26000000, 32, 10000, 21365197, 345.47, 23155133.91, 42.66, 640.18, 318.73, 958.80
27000000, 32, 10000, 21757840, 399.56, 22964848.85, 40.35, 640.09, 301.41, 941.50
28000000, 32, 10000, 22123604, 454.48, 22704640.00, 38.26, 640.22, 285.79, 926.02
29000000, 32, 10000, 22468261, 513.19, 22379956.87, 36.36, 640.13, 271.64, 911.75
30000000, 32, 10000, 22791841, 574.55, 22089777.57, 34.63, 640.12, 258.59, 898.78
31000000, 32, 10000, 23100986, 640.00, 21820965.67, 33.02, 640.09, 246.62, 886.77
32000000, 32, 10000, 23385706, 705.98, 21583507.94, 31.57, 640.06, 235.87, 875.91
