500000, 32, 10000, 500000, 2.17, 2.17, 97.62, 640.05, 893.89, 40967.29
1000000, 32, 10000, 1000000, 2.17, 4.33, 97.71, 640.28, 894.57, 20487.87
2000000, 32, 10000, 2000000, 2.17, 9.67, 97.51, 640.56, 893.62, 10249.07
3000000, 32, 10000, 3000000, 2.17, 66.27, 97.09, 640.77, 890.97, 6834.89
4000000, 32, 10000, 4000000, 2.17, 78.27, 96.41, 641.52, 886.61, 5132.17
5000000, 32, 10000, 5000000, 2.17, 92.22, 95.43, 642.74, 881.06, 4113.52
6000000, 32, 10000, 6000000, 2.17, 119.51, 94.08, 641.50, 869.10, 3421.29
7000000, 32, 10000, 7000146, 2.17, 173.34, 92.26, 643.30, 857.96, 2940.53
8000000, 32, 10000, 8000000, 2.17, 251.78, 89.88, 646.55, 844.53, 2586.32
9000000, 32, 10000, 9000561, 2.17, 652.07, 86.79, 647.03, 821.70, 2300.43
10000000, 32, 10000, 9999999, 9.14, 1816.72, 82.79, 651.16, 796.92, 2083.82
11000000, 32, 10000, 11000338, 30.26, 4298.69, 77.74, 651.32, 758.36, 1894.78
12000000, 32, 10000, 11999973, 62.98, 11505.28, 71.15, 674.22, 733.05, 1797.90
13000000, 32, 10000, 12982631, 115.94, 435749.90, 63.87, 660.08, 653.57, 1627.00
14000000, 32, 10000, 13426965, 148.20, 11967056.39, 61.22, 664.85, 626.24, 1584.58
15000000, 32, 10000, 13528410, 210.99, 28235346.40, 56.93, 640.25, 577.97, 1514.47
16000000, 32, 10000, 13845189, 284.03, 31447210.04, 52.23, 640.07, 542.95, 1479.53
17000000, 32, 10000, 14151392, 375.37, 32685467.79, 47.88, 640.08, 510.60, 1447.53
18000000, 32, 10000, 14433323, 474.55, 32905550.84, 44.21, 640.10, 482.98, 1419.27
19000000, 32, 10000, 14681379, 587.59, 32819517.80, 40.94, 640.12, 458.73, 1395.28
20000000, 32, 10000, 14905095, 711.62, 32440366.14, 38.08, 640.10, 437.48, 1374.32
21000000, 32, 10000, 15106937, 852.40, 32134146.12, 35.50, 640.11, 418.55, 1355.96
22000000, 32, 10000, 15289336, 1005.60, 31904485.28, 33.28, 640.09, 402.04, 1339.81
23000000, 32, 10000, 15477685, 1170.99, 31663652.65, 31.37, 640.06, 387.06, 1323.45
24000000, 32, 10000, 15622550, 1395.49, 31504695.49, 29.61, 640.07, 374.25, 1311.19
25000000, 32, 10000, 15763655, 1929.04, 31356574.49, 28.09, 640.05, 362.75, 1299.39
26000000, 32, 10000, 15874447, 13669.03, 31260591.77, 26.68, 640.15, 352.75, 1290.51
27000000, 32, 10000, 15997461, 177006.63, 31163735.64, 25.45, 640.04, 343.26, 1280.41
28000000, 32, 10000, 16104581, 541128.12, 31111126.99, 24.36, 640.12, 335.06, 1272.02
29000000, 32, 10000, 16207774, 1049110.43, 31053656.01, 23.38, 640.16, 327.49, 1263.95
30000000, 32, 10000, 16293863, 1656813.76, 31036517.12, 22.46, 640.08, 320.63, 1257.19
31000000, 32, 10000, 16371895, 2228154.07, 31018042.48, 21.69, 640.10, 314.82, 1251.19
32000000, 32, 10000, 16433220, 2795456.24, 31019170.26, 20.98, 640.09, 309.71, 1246.52

