500000, 32, 1000, 500000, 2.17, 2.17, 90.49, 640.32, 841.16, 40983.03
1000000, 32, 1000, 1000000, 2.17, 4.33, 90.57, 640.49, 841.68, 20495.64
2000000, 32, 1000, 2000000, 2.17, 11.90, 90.13, 640.74, 838.60, 10251.66
3000000, 32, 1000, 3000000, 2.17, 41.89, 89.27, 641.42, 833.01, 6841.78
4000000, 32, 1000, 4000000, 2.17, 70.66, 88.03, 641.50, 824.08, 5132.11
5000000, 32, 1000, 5000000, 2.17, 80.06, 86.42, 641.59, 812.29, 4106.37
6000000, 32, 1000, 6000000, 2.17, 93.88, 84.42, 642.99, 798.75, 3429.32
7000000, 32, 1000, 7000146, 2.17, 143.77, 81.99, 643.78, 781.40, 2943.04
8000000, 32, 1000, 8000000, 2.17, 316.67, 79.06, 645.10, 761.51, 2580.41
9000000, 32, 1000, 9000563, 2.17, 673.66, 75.71, 646.66, 737.35, 2299.05
10000000, 32, 1000, 9999999, 2.17, 1226.05, 71.71, 647.35, 708.37, 2071.57
11000000, 32, 1000, 11000338, 7.33, 2012.49, 67.05, 656.91, 683.08, 1910.88
12000000, 32, 1000, 11999999, 17.50, 3322.95, 61.49, 659.07, 642.38, 1757.55
13000000, 32, 1000, 13000991, 31.49, 6043.33, 54.54, 674.66, 603.07, 1660.49
14000000, 32, 1000, 13928839, 56.07, 70436.68, 46.50, 702.00, 561.10, 1612.80
15000000, 32, 1000, 14894622, 63.53, 1057424.92, 44.64, 645.75, 474.28, 1387.31
16000000, 32, 1000, 15374354, 69.67, 5743427.51, 42.81, 648.57, 452.39, 1349.99
17000000, 32, 1000, 15424622, 77.52, 13776963.36, 40.22, 640.55, 432.52, 1328.93
18000000, 32, 1000, 15892502, 97.39, 19691331.99, 35.12, 640.45, 394.02, 1289.67
19000000, 32, 1000, 16292912, 127.91, 23074146.07, 30.85, 640.63, 362.27, 1258.17
20000000, 32, 1000, 16471851, 143.62, 23626653.47, 29.04, 640.44, 348.65, 1244.30
21000000, 32, 1000, 16737569, 181.14, 24046419.83, 26.49, 640.59, 329.36, 1224.69
22000000, 32, 1000, 16875266, 207.01, 24249966.37, 25.06, 640.56, 318.93, 1214.67
23000000, 32, 1000, 17057862, 288.85, 24258896.82, 23.29, 640.50, 305.76, 1201.59
24000000, 32, 1000, 17185703, 518.41, 24388304.35, 22.18, 640.63, 297.32, 1192.79
25000000, 32, 1000, 17323335, 3945.17, 24471850.40, 20.93, 640.61, 287.89, 1183.34
26000000, 32, 1000, 17417142, 13162.48, 24617034.70, 20.00, 640.60, 281.10, 1176.94
27000000, 32, 1000, 17522451, 169151.62, 24717761.60, 19.14, 640.44, 274.40, 1169.70
28000000, 32, 1000, 17607403, 575499.18, 24844847.59, 18.38, 640.43, 268.76, 1164.08
29000000, 32, 1000, 17675687, 1017612.15, 24975705.82, 17.71, 640.58, 263.99, 1159.69
30000000, 32, 1000, 17749928, 1369888.21, 25109725.63, 17.13, 640.49, 259.44, 1154.74
31000000, 32, 1000, 17815980, 1792221.19, 25272115.94, 16.64, 640.44, 255.58, 1150.41
32000000, 32, 1000, 17863396, 2324798.22, 25443460.44, 16.18, 640.47, 252.29, 1147.43

