500000, 32, 100, 500002, 1.06, 3.00, 48.55, 640.00, 621.48, 40959.68
1000000, 32, 100, 1000004, 1.06, 3.00, 48.56, 640.00, 621.52, 20480.00
2000000, 32, 100, 2000009, 1.06, 3.00, 48.55, 640.00, 621.48, 10240.00
3000000, 32, 100, 3000013, 1.06, 3.00, 48.55, 640.00, 621.50, 6826.56
4000000, 32, 100, 4000115, 1.06, 3.00, 48.55, 640.00, 621.47, 5120.00
5000000, 32, 100, 5000204, 1.06, 3.00, 48.55, 640.00, 621.43, 4095.68
6000000, 32, 100, 6000034, 1.06, 3.00, 48.56, 640.00, 621.53, 3413.44
7000000, 32, 100, 7000547, 1.06, 3.00, 48.55, 640.00, 621.47, 2925.44
8000000, 32, 100, 8000624, 1.06, 3.00, 48.56, 640.00, 621.49, 2559.68
9000000, 32, 100, 9000042, 1.06, 3.00, 48.55, 640.00, 621.46, 2275.52
10000000, 32, 100, 10001012, 1.06, 3.00, 48.55, 640.00, 621.45, 2047.68
11000000, 32, 100, 11000621, 1.06, 3.00, 48.55, 640.00, 621.43, 1861.76
12000000, 32, 100, 12000923, 1.06, 3.19, 48.60, 642.00, 625.08, 1711.89
13000000, 32, 100, 13001000, 2.12, 6.19, 48.90, 642.08, 628.92, 1580.49
14000000, 32, 100, 14001072, 3.09, 7.25, 49.04, 642.33, 630.68, 1468.13
15000000, 32, 100, 15000619, 3.12, 9.28, 48.90, 642.54, 628.74, 1370.71
16000000, 32, 100, 16001230, 3.16, 10.31, 46.89, 643.67, 603.76, 1287.26
17000000, 32, 100, 17000896, 4.16, 11.38, 43.08, 643.00, 554.03, 1210.28
18000000, 32, 100, 18000074, 5.16, 13.41, 38.65, 642.55, 496.68, 1142.31
19000000, 32, 100, 19001459, 6.19, 14.47, 34.17, 642.75, 439.30, 1082.41
20000000, 32, 100, 20004445, 6.22, 15.56, 29.99, 642.53, 385.44, 1027.80
21000000, 32, 100, 21001600, 7.25, 17.62, 26.20, 642.45, 336.66, 978.88
22000000, 32, 100, 22003803, 8.31, 19.72, 22.73, 642.34, 292.04, 934.17
23000000, 32, 100, 23003997, 8.44, 21.87, 19.57, 642.22, 251.34, 893.37
24000000, 32, 100, 24001825, 11.56, 25.18, 16.68, 642.21, 214.12, 856.21
25000000, 32, 100, 25007045, 13.87, 30.77, 14.00, 642.38, 179.76, 822.03
26000000, 32, 100, 26001965, 20.47, 46.21, 11.55, 642.96, 148.52, 791.27
27000000, 32, 100, 27000044, 44.14, 89.69, 9.27, 642.86, 119.22, 761.88
28000000, 32, 100, 27978623, 4500.79, 19076.79, 7.20, 651.94, 93.95, 745.71
29000000, 32, 100, 28098640, 157187.25, 676684.82, 6.96, 699.07, 97.37, 796.15
30000000, 32, 100, 28098950, 326439.15, 1388358.63, 6.96, 702.81, 97.89, 800.40
31000000, 32, 100, 28099237, 484677.32, 2028689.01, 6.96, 702.43, 97.82, 799.97
32000000, 32, 100, 28098883, 639661.27, 2673417.71, 6.96, 703.50, 97.99, 801.18
