500000, 32, 100, 500000, 1.04, 2.17, 48.55, 642.00, 364.26, 41091.86
1000000, 32, 100, 1000000, 1.04, 2.17, 48.55, 642.01, 364.30, 20546.75
2000000, 32, 100, 2000000, 1.04, 2.17, 48.55, 642.00, 364.26, 10273.42
3000000, 32, 100, 3000000, 1.04, 2.17, 48.55, 642.01, 364.24, 6848.63
4000000, 32, 100, 4000000, 1.04, 2.17, 48.55, 642.01, 364.28, 5136.71
5000000, 32, 100, 5000000, 1.04, 2.17, 48.55, 642.03, 364.25, 4109.50
6000000, 32, 100, 6000000, 1.04, 2.17, 48.56, 642.00, 364.30, 3424.45
7000000, 32, 100, 7000146, 1.04, 2.17, 48.55, 642.01, 364.32, 2935.09
8000000, 32, 100, 8000000, 1.04, 2.17, 48.55, 642.00, 364.25, 2568.31
9000000, 32, 100, 9000563, 1.04, 2.17, 48.56, 642.00, 364.29, 2282.80
10000000, 32, 100, 10000000, 1.04, 2.17, 48.56, 642.00, 364.29, 2054.62
11000000, 32, 100, 11000344, 1.04, 2.17, 48.55, 642.00, 364.28, 1867.82
12000000, 32, 100, 12000000, 1.04, 2.17, 48.55, 642.07, 364.30, 1712.30
13000000, 32, 100, 13001084, 1.04, 2.17, 48.56, 642.01, 364.30, 1580.38
14000000, 32, 100, 14000292, 1.04, 2.17, 48.55, 642.00, 364.29, 1467.59
15000000, 32, 100, 15000000, 1.04, 2.17, 48.55, 642.20, 364.32, 1369.93
16000000, 32, 100, 16000000, 1.04, 2.27, 48.56, 642.15, 364.44, 1284.40
17000000, 32, 100, 17000177, 1.04, 4.47, 48.67, 642.44, 365.29, 1209.26
18000000, 32, 100, 18001125, 2.24, 4.53, 48.90, 642.50, 366.96, 1142.18
19000000, 32, 100, 19002375, 2.27, 6.72, 48.51, 642.66, 363.92, 1082.20
20000000, 32, 100, 19999999, 2.31, 7.76, 46.80, 642.94, 351.18, 1028.70
21000000, 32, 100, 21001967, 4.31, 8.80, 43.30, 643.28, 325.03, 980.11
22000000, 32, 100, 22003206, 4.52, 9.86, 38.58, 643.37, 289.61, 935.69
23000000, 32, 100, 23005027, 6.40, 11.15, 33.47, 642.84, 251.00, 894.20
24000000, 32, 100, 23986898, 7.69, 45957.73, 28.63, 642.33, 214.63, 856.98
25000000, 32, 100, 24966472, 9.00, 106967.20, 24.15, 642.34, 181.04, 823.47
26000000, 32, 100, 25421477, 192169.20, 896729.77, 22.19, 642.26, 166.35, 808.64
27000000, 32, 100, 25466734, 485464.07, 2172915.96, 21.99, 642.16, 164.82, 807.02
28000000, 32, 100, 25517429, 719417.98, 3339800.59, 21.78, 642.19, 163.16, 805.40
29000000, 32, 100, 25721914, 972078.38, 4307044.46, 20.92, 642.10, 156.86, 798.86
30000000, 32, 100, 25933792, 1219925.22, 5114892.35, 20.05, 642.21, 150.32, 792.40
31000000, 32, 100, 26139456, 1462599.08, 5816920.06, 19.22, 642.20, 144.10, 786.17
32000000, 32, 100, 26335957, 1693137.56, 6408845.09, 18.43, 642.22, 138.21, 780.27
