500000, 32, 100, 500000, 1.04, 2.17, 49.09, 642.00, 534.02, 41092.07
1000000, 32, 100, 1000000, 1.04, 8.47, 49.16, 642.12, 534.41, 20548.45
2000000, 32, 100, 2000000, 2.17, 12.96, 48.78, 642.41, 531.62, 10278.86
3000000, 32, 100, 3000000, 2.17, 16.06, 48.09, 642.92, 526.66, 6858.03
4000000, 32, 100, 4000000, 2.17, 22.79, 47.21, 642.89, 520.22, 5142.87
5000000, 32, 100, 5000000, 2.17, 51.68, 46.19, 643.75, 513.14, 4119.88
6000000, 32, 100, 6000000, 2.17, 75.34, 45.06, 643.71, 504.54, 3433.15
7000000, 32, 100, 7000146, 2.17, 150.40, 43.83, 644.58, 495.67, 2946.63
8000000, 32, 100, 8000000, 2.17, 247.99, 42.47, 646.05, 486.87, 2584.22
9000000, 32, 100, 9000562, 2.17, 350.94, 40.99, 646.08, 475.62, 2297.10
10000000, 32, 100, 10000000, 2.17, 470.93, 39.34, 647.94, 464.43, 2073.46
11000000, 32, 100, 11000338, 2.17, 636.74, 37.45, 647.84, 450.11, 1884.57
12000000, 32, 100, 11999999, 3.24, 830.52, 35.31, 652.30, 436.84, 1739.57
13000000, 32, 100, 13001073, 8.97, 1061.30, 32.82, 658.31, 421.53, 1620.26
14000000, 32, 100, 14000237, 19.35, 1392.44, 29.89, 672.39, 407.50, 1536.88
15000000, 32, 100, 14999742, 46.88, 2210.70, 26.40, 685.79, 387.77, 1463.08
16000000, 32, 100, 15962361, 10579.85, 49802.85, 23.12, 651.79, 338.99, 1306.95
17000000, 32, 100, 16871388, 58381.83, 255829.54, 22.75, 645.43, 310.43, 1224.98
18000000, 32, 100, 17756886, 114947.40, 503144.88, 22.41, 642.76, 287.02, 1159.70
19000000, 32, 100, 18605589, 190170.98, 872052.16, 22.08, 643.40, 267.80, 1108.44
20000000, 32, 100, 19376179, 292581.91, 1379980.04, 21.76, 642.92, 251.23, 1064.18
21000000, 32, 100, 20004261, 455225.20, 2155043.29, 21.49, 643.29, 238.65, 1031.67
22000000, 32, 100, 20382940, 708343.87, 3332448.98, 21.23, 642.99, 230.74, 1012.14
23000000, 32, 100, 20599401, 1032121.73, 4850883.84, 20.69, 642.19, 224.07, 1000.18
24000000, 32, 100, 20904630, 1416639.34, 6204574.36, 19.60, 642.11, 213.71, 985.56
25000000, 32, 100, 21142130, 1871583.21, 7487482.39, 18.46, 642.11, 204.30, 974.50
26000000, 32, 100, 21358976, 2299962.28, 8566899.80, 17.41, 642.13, 195.82, 964.69
27000000, 32, 100, 21564191, 2768308.74, 9475642.11, 16.42, 642.14, 187.89, 955.84
28000000, 32, 100, 21750972, 3233755.10, 10255846.53, 15.45, 642.09, 180.28, 947.60
29000000, 32, 100, 21923472, 3726835.74, 10911270.35, 14.53, 642.08, 173.27, 940.31
30000000, 32, 100, 22092628, 4231876.98, 11459470.50, 13.65, 642.09, 166.45, 933.08
31000000, 32, 100, 22256322, 4739773.13, 11917196.02, 12.82, 642.17, 160.14, 926.55
32000000, 32, 100, 22424247, 5252866.72, 12268289.31, 12.06, 642.18, 154.05, 919.59

