500000, 32, 32, 500000, 1.00, 8.60, 0.00, 640.00, 164.37, 40962.78
1000000, 32, 32, 1000000, 1.00, 8.60, 0.00, 640.12, 164.76, 20484.15
2000000, 32, 32, 2000000, 1.00, 10.60, 0.00, 640.41, 164.83, 10246.63
3000000, 32, 32, 3000000, 1.00, 11.60, 0.00, 640.57, 164.97, 6833.09
4000000, 32, 32, 4000000, 1.00, 16.20, 0.00, 640.94, 164.83, 5127.60
5000000, 32, 32, 5000000, 1.00, 18.20, 0.00, 641.46, 165.04, 4105.30
6000000, 32, 32, 6000000, 1.00, 20.20, 0.00, 641.75, 165.31, 3422.51
7000000, 32, 32, 7000146, 1.00, 24.87, 0.00, 642.14, 165.20, 2935.55
8000000, 32, 32, 8000000, 1.00, 31.77, 0.00, 644.13, 165.81, 2576.57
9000000, 32, 32, 9000562, 1.00, 35.62, 0.00, 644.03, 166.11, 2289.73
10000000, 32, 32, 10000000, 1.00, 45.94, 0.00, 643.37, 165.68, 2058.80
11000000, 32, 32, 11000342, 1.00, 52.93, 0.00, 644.65, 165.77, 1875.23
12000000, 32, 32, 12000000, 1.00, 65.58, 0.00, 643.87, 165.34, 1716.88
13000000, 32, 32, 13001083, 8.71, 83.26, 0.00, 650.69, 167.38, 1601.66
14000000, 32, 32, 14000290, 11.60, 111.53, 0.00, 651.80, 167.75, 1489.82
15000000, 32, 32, 14999999, 15.66, 155.42, 0.00, 656.76, 169.37, 1401.10
16000000, 32, 32, 15999997, 32.17, 241.62, 0.00, 656.61, 168.70, 1313.23
17000000, 32, 32, 17000153, 64.08, 481.44, 0.00, 665.46, 171.39, 1252.59
18000000, 32, 32, 17998085, 381.14, 2005.68, 0.00, 689.03, 177.18, 1225.08
19000000, 32, 32, 18961612, 34652.14, 66722.77, 0.00, 648.20, 151.71, 1093.89
20000000, 32, 32, 19900676, 74808.88, 147974.61, 0.00, 646.09, 133.79, 1038.91
21000000, 32, 32, 20834376, 114890.23, 227896.31, 0.00, 642.75, 117.40, 987.21
22000000, 32, 32, 21757712, 156413.31, 307544.33, 0.00, 642.56, 103.18, 945.09
23000000, 32, 32, 22669555, 196723.59, 389215.61, 0.00, 643.45, 90.37, 908.30
24000000, 32, 32, 23557192, 240209.30, 475593.05, 0.00, 641.61, 78.50, 871.49
25000000, 32, 32, 24432215, 287148.91, 568124.33, 0.00, 641.83, 67.87, 840.65
26000000, 32, 32, 25283245, 339166.20, 671358.41, 0.00, 641.05, 58.21, 811.39
27000000, 32, 32, 26101897, 400032.20, 791823.47, 0.00, 642.65, 49.63, 787.88
28000000, 32, 32, 26878318, 468322.98, 927667.66, 0.00, 641.26, 41.78, 763.41
29000000, 32, 32, 27602351, 549847.89, 1089074.42, 0.00, 641.26, 34.91, 743.44
30000000, 32, 32, 28252063, 650906.75, 1288649.69, 0.00, 641.52, 29.13, 726.62
31000000, 32, 32, 28835390, 769211.69, 1523364.46, 0.00, 641.86, 24.08, 712.31
32000000, 32, 32, 29312708, 907067.40, 1796018.45, 0.00, 640.26, 20.11, 698.93

