500000, 32, 32, 500002, 1.00, 1.00, 0.00, 640.00, 0.00, 40959.68
1000000, 32, 32, 1000005, 1.00, 1.00, 0.00, 640.00, 0.00, 20480.00
2000000, 32, 32, 2000010, 1.00, 1.00, 0.00, 640.00, 0.00, 10240.00
3000000, 32, 32, 3000017, 1.00, 1.00, 0.00, 640.00, 0.00, 6826.56
4000000, 32, 32, 4000115, 1.00, 1.00, 0.00, 640.00, 0.00, 5120.00
5000000, 32, 32, 5000204, 1.00, 1.00, 0.00, 640.00, 0.00, 4095.68
6000000, 32, 32, 6000027, 1.00, 1.00, 0.00, 640.00, 0.00, 3413.44
7000000, 32, 32, 7000539, 1.00, 1.00, 0.00, 640.00, 0.00, 2925.44
8000000, 32, 32, 8000616, 1.00, 1.00, 0.00, 640.00, 0.00, 2559.68
9000000, 32, 32, 9000052, 1.00, 1.00, 0.00, 640.00, 0.00, 2275.52
10000000, 32, 32, 10001017, 1.00, 1.00, 0.00, 640.00, 0.00, 2047.68
11000000, 32, 32, 11000461, 1.00, 1.00, 0.00, 640.00, 0.00, 1861.76
12000000, 32, 32, 12000920, 1.00, 1.00, 0.00, 640.00, 0.00, 1706.56
13000000, 32, 32, 13000997, 1.00, 1.00, 0.00, 640.00, 0.00, 1575.36
14000000, 32, 32, 14001090, 1.00, 1.00, 0.00, 640.00, 0.00, 1462.72
15000000, 32, 32, 15000606, 1.00, 1.00, 0.00, 640.00, 0.00, 1365.12
16000000, 32, 32, 16001249, 1.00, 1.00, 0.00, 640.00, 0.00, 1280.00
17000000, 32, 32, 17000916, 1.00, 1.00, 0.00, 640.00, 0.00, 1204.80
18000000, 32, 32, 18000089, 1.00, 1.00, 0.00, 640.00, 0.00, 1137.92
19000000, 32, 32, 19001482, 1.00, 1.00, 0.00, 640.00, 0.00, 1077.76
20000000, 32, 32, 20004454, 1.00, 1.00, 0.00, 640.00, 0.00, 1023.68
21000000, 32, 32, 21001640, 1.00, 1.00, 0.00, 640.00, 0.00, 975.04
22000000, 32, 32, 22003819, 1.00, 1.00, 0.00, 640.00, 0.00, 930.88
23000000, 32, 32, 23004012, 1.00, 1.00, 0.00, 640.00, 0.00, 890.24
24000000, 32, 32, 24001873, 1.00, 1.00, 0.00, 640.00, 0.00, 853.12
25000000, 32, 32, 25007073, 1.00, 1.00, 0.00, 640.00, 0.00, 818.88
26000000, 32, 32, 26002004, 1.00, 1.00, 0.00, 640.00, 0.00, 787.52
27000000, 32, 32, 27000130, 1.00, 1.00, 0.00, 640.00, 0.00, 758.40
28000000, 32, 32, 28002181, 1.00, 1.00, 0.00, 640.00, 0.00, 731.52
29000000, 32, 32, 29000165, 1.00, 1.00, 0.00, 640.00, 0.00, 706.24
30000000, 32, 32, 30006648, 1.00, 1.00, 0.00, 640.00, 0.00, 682.56
31000000, 32, 32, 31004288, 1.00, 1.00, 0.00, 640.00, 0.00, 660.48
32000000, 32, 32, 32008629, 2.00, 3.00, 0.00, 640.00, 0.00, 639.68
