500000, 32, 32, 500002, 1.00, 1.00, 0.00, 640.00, 0.00, 40959.68
1000000, 32, 32, 1000005, 1.00, 1.00, 0.00, 640.00, 0.00, 20480.00
2000000, 32, 32, 2000010, 1.00, 1.00, 0.00, 640.00, 0.00, 10240.00
3000000, 32, 32, 3000017, 1.00, 1.00, 0.00, 640.00, 0.00, 6826.56
4000000, 32, 32, 4000115, 1.00, 1.00, 0.00, 640.00, 0.00, 5120.00
5000000, 32, 32, 5000204, 1.00, 1.00, 0.00, 640.00, 0.00, 4095.68
6000000, 32, 32, 6000027, 1.00, 1.00, 0.00, 640.00, 0.00, 3413.44
7000000, 32, 32, 7000539, 1.00, 1.00, 0.00, 640.00, 0.00, 2925.44
8000000, 32, 32, 8000616, 1.00, 1.00, 0.00, 640.00, 0.00, 2559.68
9000000, 32, 32, 9000052, 1.00, 1.00, 0.00, 640.00, 0.00, 2275.52
10000000, 32, 32, 10001017, 1.00, 1.00, 0.00, 640.00, 0.00, 2047.68
11000000, 32, 32, 11000461, 1.00, 1.00, 0.00, 640.00, 0.00, 1861.76
12000000, 32, 32, 12000920, 1.00, 1.00, 0.00, 640.00, 0.00, 1706.56
13000000, 32, 32, 13000997, 1.00, 1.00, 0.00, 640.00, 0.00, 1575.36
14000000, 32, 32, 14001090, 1.00, 1.00, 0.00, 640.00, 0.00, 1462.72
15000000, 32, 32, 15000606, 1.00, 1.00, 0.00, 640.00, 0.00, 1365.12
16000000, 32, 32, 16001249, 1.00, 1.00, 0.00, 640.00, 0.00, 1280.00
17000000, 32, 32, 17000916, 1.00, 1.00, 0.00, 640.00, 0.00, 1204.80
18000000, 32, 32, 18000089, 1.00, 1.00, 0.00, 640.00, 0.00, 1137.92
19000000, 32, 32, 19001482, 1.00, 1.00, 0.00, 640.00, 0.00, 1077.76
20000000, 32, 32, 20004454, 1.00, 1.00, 0.00, 640.00, 0.00, 1023.68
21000000, 32, 32, 21001640, 1.00, 1.00, 0.00, 640.00, 0.00, 975.04
22000000, 32, 32, 22003819, 1.00, 1.00, 0.00, 640.00, 0.00, 930.88
23000000, 32, 32, 23004012, 1.00, 1.00, 0.00, 640.00, 0.00, 890.24
24000000, 32, 32, 24001873, 1.00, 1.00, 0.00, 640.00, 0.00, 853.12
25000000, 32, 32, 25007073, 1.00, 1.00, 0.00, 640.00, 0.00, 818.88
26000000, 32, 32, 26002004, 1.00, 1.00, 0.00, 640.00, 0.00, 787.52
27000000, 32, 32, 27000130, 1.00, 1.00, 0.00, 640.00, 0.00, 758.40
28000000, 32, 32, 28002181, 1.00, 1.00, 0.00, 640.00, 0.00, 731.52
29000000, 32, 32, 29000165, 1.00, 1.00, 0.00, 640.00, 0.00, 706.24
30000000, 32, 32, 30006648, 1.00, 1.00, 0.00, 640.00, 0.00, 682.56
31000000, 32, 32, 31004288, 1.00, 1.00, 0.00, 640.00, 0.00, 660.48
32000000, 32, 32, 32008629, 2.00, 3.00, 0.00, 640.00, 0.00, 639.68
500000, 32, 100, 500002, 1.06, 3.00, 48.55, 640.00, 621.48, 40959.68
1000000, 32, 100, 1000004, 1.06, 3.00, 48.56, 640.00, 621.52, 20480.00
2000000, 32, 100, 2000009, 1.06, 3.00, 48.55, 640.00, 621.48, 10240.00
3000000, 32, 100, 3000013, 1.06, 3.00, 48.55, 640.00, 621.50, 6826.56
4000000, 32, 100, 4000115, 1.06, 3.00, 48.55, 640.00, 621.47, 5120.00
5000000, 32, 100, 5000204, 1.06, 3.00, 48.55, 640.00, 621.43, 4095.68
6000000, 32, 100, 6000034, 1.06, 3.00, 48.56, 640.00, 621.53, 3413.44
7000000, 32, 100, 7000547, 1.06, 3.00, 48.55, 640.00, 621.47, 2925.44
8000000, 32, 100, 8000624, 1.06, 3.00, 48.56, 640.00, 621.49, 2559.68
9000000, 32, 100, 9000042, 1.06, 3.00, 48.55, 640.00, 621.46, 2275.52
10000000, 32, 100, 10001012, 1.06, 3.00, 48.55, 640.00, 621.45, 2047.68
11000000, 32, 100, 11000621, 1.06, 3.00, 48.55, 640.00, 621.43, 1861.76
12000000, 32, 100, 12000923, 1.06, 3.19, 48.60, 642.00, 625.08, 1711.89
13000000, 32, 100, 13001000, 2.12, 6.19, 48.90, 642.08, 628.92, 1580.49
14000000, 32, 100, 14001072, 3.09, 7.25, 49.04, 642.33, 630.68, 1468.13
15000000, 32, 100, 15000619, 3.12, 9.28, 48.90, 642.54, 628.74, 1370.71
16000000, 32, 100, 16001230, 3.16, 10.31, 46.89, 643.67, 603.76, 1287.26
17000000, 32, 100, 17000896, 4.16, 11.38, 43.08, 643.00, 554.03, 1210.28
18000000, 32, 100, 18000074, 5.16, 13.41, 38.65, 642.55, 496.68, 1142.31
19000000, 32, 100, 19001459, 6.19, 14.47, 34.17, 642.75, 439.30, 1082.41
20000000, 32, 100, 20004445, 6.22, 15.56, 29.99, 642.53, 385.44, 1027.80
21000000, 32, 100, 21001600, 7.25, 17.62, 26.20, 642.45, 336.66, 978.88
22000000, 32, 100, 22003803, 8.31, 19.72, 22.73, 642.34, 292.04, 934.17
23000000, 32, 100, 23003997, 8.44, 21.87, 19.57, 642.22, 251.34, 893.37
24000000, 32, 100, 24001825, 11.56, 25.18, 16.68, 642.21, 214.12, 856.21
25000000, 32, 100, 25007045, 13.87, 30.77, 14.00, 642.38, 179.76, 822.03
26000000, 32, 100, 26001965, 20.47, 46.21, 11.55, 642.96, 148.52, 791.27
27000000, 32, 100, 27000044, 44.14, 89.69, 9.27, 642.86, 119.22, 761.88
28000000, 32, 100, 27978623, 4500.79, 19076.79, 7.20, 651.94, 93.95, 745.71
29000000, 32, 100, 28098640, 157187.25, 676684.82, 6.96, 699.07, 97.37, 796.15
30000000, 32, 100, 28098950, 326439.15, 1388358.63, 6.96, 702.81, 97.89, 800.40
31000000, 32, 100, 28099237, 484677.32, 2028689.01, 6.96, 702.43, 97.82, 799.97
32000000, 32, 100, 28098883, 639661.27, 2673417.71, 6.96, 703.50, 97.99, 801.18
500000, 32, 1000, 500002, 3.00, 3.00, 89.50, 640.00, 1145.53, 40959.68
1000000, 32, 1000, 1000004, 3.00, 3.00, 89.49, 640.00, 1145.51, 20480.00
2000000, 32, 1000, 2000011, 3.00, 3.00, 89.50, 640.00, 1145.54, 10240.00
3000000, 32, 1000, 3000016, 3.00, 3.00, 89.49, 640.00, 1145.49, 6826.56
4000000, 32, 1000, 4000115, 3.00, 3.00, 89.50, 640.00, 1145.48, 5120.00
5000000, 32, 1000, 5000210, 3.00, 3.00, 89.49, 640.00, 1145.52, 4095.68
6000000, 32, 1000, 6000025, 3.00, 3.00, 89.50, 640.00, 1145.50, 3413.44
7000000, 32, 1000, 7000540, 3.00, 3.00, 89.49, 640.00, 1145.50, 2925.44
8000000, 32, 1000, 8000615, 3.00, 3.00, 89.50, 640.00, 1145.52, 2559.68
9000000, 32, 1000, 9000042, 3.00, 3.00, 89.50, 640.00, 1145.55, 2275.52
10000000, 32, 1000, 10001020, 3.00, 3.00, 89.49, 640.00, 1145.52, 2047.68
11000000, 32, 1000, 11000449, 3.00, 6.00, 89.69, 641.00, 1149.84, 1864.59
12000000, 32, 1000, 12000917, 7.03, 18.25, 83.32, 643.18, 1071.76, 1714.97
13000000, 32, 1000, 13000991, 11.03, 28.12, 73.09, 642.61, 939.35, 1581.70
14000000, 32, 1000, 14001067, 14.09, 39.18, 64.30, 642.55, 826.28, 1468.58
15000000, 32, 1000, 15000613, 19.09, 51.27, 56.68, 642.38, 728.23, 1370.33
16000000, 32, 1000, 16001223, 23.84, 64.40, 50.01, 642.58, 642.70, 1285.04
17000000, 32, 1000, 17000868, 30.21, 79.49, 44.13, 642.47, 567.02, 1209.28
18000000, 32, 1000, 18000039, 38.27, 95.67, 38.91, 642.40, 499.85, 1142.06
19000000, 32, 1000, 19001395, 48.37, 114.85, 34.22, 642.39, 439.62, 1081.79
20000000, 32, 1000, 20004362, 60.49, 139.06, 30.00, 642.41, 385.43, 1027.58
21000000, 32, 1000, 21001526, 75.61, 167.31, 26.20, 642.44, 336.64, 978.83
22000000, 32, 1000, 22003665, 94.82, 202.62, 22.73, 642.34, 292.04, 934.15
23000000, 32, 1000, 23003784, 122.09, 251.14, 19.57, 642.27, 251.34, 893.44
24000000, 32, 1000, 24001578, 164.49, 326.84, 16.68, 642.46, 214.33, 856.53
25000000, 32, 1000, 25006604, 248.29, 480.30, 14.00, 642.76, 179.95, 822.50
26000000, 32, 1000, 26000681, 657.88, 1276.70, 11.55, 643.75, 148.69, 792.28
27000000, 32, 1000, 26565947, 82414.13, 363677.34, 10.24, 681.41, 139.58, 820.83
28000000, 32, 1000, 26571863, 266063.20, 1181828.37, 10.23, 702.43, 143.73, 845.87
29000000, 32, 1000, 26573275, 438279.92, 1936170.41, 10.22, 698.65, 142.93, 841.30
30000000, 32, 1000, 26573645, 605446.49, 2670857.35, 10.22, 701.67, 143.53, 844.95
31000000, 32, 1000, 26573861, 759803.83, 3312514.51, 10.22, 700.72, 143.38, 843.78
32000000, 32, 1000, 26574326, 905715.35, 4024898.61, 10.22, 702.04, 143.62, 845.39
500000, 32, 10000, 500003, 3.00, 3.00, 96.55, 640.00, 1235.87, 40959.68
1000000, 32, 10000, 1000006, 3.00, 3.00, 96.56, 640.00, 1235.87, 20480.00
2000000, 32, 10000, 2000009, 3.00, 3.00, 96.56, 640.00, 1235.87, 10240.00
3000000, 32, 10000, 3000014, 3.00, 3.00, 96.56, 640.00, 1235.87, 6826.56
4000000, 32, 10000, 4000114, 3.00, 3.00, 96.55, 640.00, 1235.87, 5120.00
5000000, 32, 10000, 5000209, 3.00, 3.00, 96.56, 640.00, 1235.87, 4095.68
6000000, 32, 10000, 6000029, 3.00, 3.00, 96.56, 640.00, 1235.88, 3413.44
7000000, 32, 10000, 7000546, 3.00, 3.00, 96.55, 640.00, 1235.88, 2925.44
8000000, 32, 10000, 8000616, 3.00, 3.00, 96.56, 640.00, 1235.88, 2559.68
9000000, 32, 10000, 9000039, 3.00, 3.00, 96.56, 640.00, 1235.87, 2275.52
10000000, 32, 10000, 10001007, 3.00, 3.00, 96.56, 640.00, 1235.87, 2047.68
11000000, 32, 10000, 11000448, 6.00, 16.00, 95.43, 642.69, 1226.67, 1869.55
12000000, 32, 10000, 12000925, 21.00, 54.02, 83.34, 641.96, 1070.03, 1711.75
13000000, 32, 10000, 13000989, 40.99, 107.07, 73.09, 641.61, 937.88, 1579.22
14000000, 32, 10000, 14001025, 70.05, 182.94, 64.30, 641.83, 825.38, 1466.95
15000000, 32, 10000, 15000519, 113.14, 284.48, 56.68, 641.33, 727.03, 1368.15
16000000, 32, 10000, 16001092, 171.16, 415.87, 50.01, 641.56, 641.70, 1283.03
17000000, 32, 10000, 17000668, 245.11, 573.15, 44.13, 641.75, 566.41, 1207.95
18000000, 32, 10000, 17999703, 341.34, 765.80, 38.91, 641.68, 499.28, 1140.76
19000000, 32, 10000, 19000910, 464.63, 1000.62, 34.22, 641.46, 439.03, 1080.31
20000000, 32, 10000, 20003651, 622.84, 1290.03, 30.00, 641.71, 385.04, 1026.57
21000000, 32, 10000, 21000499, 828.30, 1653.13, 26.20, 641.51, 336.19, 977.54
22000000, 32, 10000, 22002215, 1107.27, 2134.27, 22.74, 641.61, 291.71, 933.13
23000000, 32, 10000, 23001683, 1506.16, 2812.80, 19.58, 641.47, 251.18, 892.43
24000000, 32, 10000, 23998332, 2093.99, 3906.57, 16.69, 641.91, 214.16, 855.95
25000000, 32, 10000, 25000760, 3350.63, 6408.01, 14.01, 641.73, 179.85, 821.35
26000000, 32, 10000, 25951017, 20139.84, 46824.38, 11.67, 646.24, 150.80, 796.88
27000000, 32, 10000, 26104195, 171267.31, 750409.59, 11.31, 663.05, 149.96, 812.83
28000000, 32, 10000, 26120548, 356125.39, 1604764.74, 11.27, 691.76, 155.89, 847.49
29000000, 32, 10000, 26126694, 527782.95, 2300782.64, 11.25, 703.31, 158.26, 861.51
30000000, 32, 10000, 26130059, 692725.13, 3064937.68, 11.25, 704.00, 158.41, 862.09
31000000, 32, 10000, 26132217, 858124.42, 3713446.33, 11.24, 704.00, 158.39, 862.09
32000000, 32, 10000, 26133685, 1014593.66, 4212889.96, 11.24, 699.87, 157.28, 857.01
