500000, 32, 32, 500000, 1.00, 1.00, 0.00, 640.00, 0.00, 40964.07
1000000, 32, 32, 1000000, 1.00, 6.88, 0.00, 640.15, 0.00, 20485.11
2000000, 32, 32, 2000000, 1.00, 23.00, 0.00, 640.24, 0.00, 10243.63
3000000, 32, 32, 3000000, 1.00, 39.56, 0.00, 640.48, 0.00, 6831.85
4000000, 32, 32, 4000000, 1.00, 57.66, 0.00, 640.47, 0.00, 5124.01
5000000, 32, 32, 5000000, 1.00, 76.81, 0.00, 640.85, 0.00, 4101.58
6000000, 32, 32, 6000000, 1.00, 117.66, 0.00, 641.50, 0.00, 3421.32
7000000, 32, 32, 7000146, 1.00, 198.12, 0.00, 641.75, 0.00, 2933.59
8000000, 32, 32, 8000000, 1.00, 553.12, 0.00, 641.38, 0.00, 2565.65
9000000, 32, 32, 9000562, 1.00, 598.88, 0.00, 641.80, 0.00, 2281.79
10000000, 32, 32, 9999999, 1.00, 635.03, 0.00, 643.29, 0.00, 2058.51
11000000, 32, 32, 11000342, 1.00, 671.75, 0.00, 643.66, 0.00, 1872.39
12000000, 32, 32, 11999997, 1.00, 767.03, 0.00, 643.46, 0.00, 1715.95
13000000, 32, 32, 13001084, 1.00, 866.12, 0.00, 644.53, 0.00, 1586.40
14000000, 32, 32, 14000278, 1.00, 1073.19, 0.00, 647.33, 0.00, 1479.59
15000000, 32, 32, 14999997, 1.00, 1273.91, 0.00, 646.48, 0.00, 1379.15
16000000, 32, 32, 15999962, 1.28, 1530.34, 0.00, 645.70, 0.00, 1291.43
17000000, 32, 32, 17000175, 65.94, 1896.84, 0.00, 650.02, 0.00, 1223.59
18000000, 32, 32, 18001104, 154.19, 2462.91, 0.00, 653.12, 0.00, 1161.08
19000000, 32, 32, 19002280, 276.44, 3615.88, 0.00, 672.45, 0.00, 1132.42
20000000, 32, 32, 19999734, 718.38, 6161.84, 0.00, 669.48, 0.00, 1071.16
21000000, 32, 32, 20999501, 3405.44, 21450.53, 0.00, 692.96, 0.00, 1055.97
22000000, 32, 32, 21341916, 455405.78, 902177.25, 0.00, 646.49, 0.00, 969.32
23000000, 32, 32, 21347885, 1081554.89, 2147968.12, 0.00, 643.05, 0.00, 963.96
24000000, 32, 32, 21333434, 1674606.47, 3315346.19, 0.00, 642.94, 0.00, 964.42
25000000, 32, 32, 21354279, 2183571.75, 4332529.69, 0.00, 640.97, 0.00, 960.49
26000000, 32, 32, 21355217, 2692501.66, 5317750.62, 0.00, 641.83, 0.00, 961.81
27000000, 32, 32, 21351627, 3143343.70, 6224032.19, 0.00, 641.40, 0.00, 961.23
28000000, 32, 32, 21349333, 3556917.70, 7059196.44, 0.00, 640.63, 0.00, 960.19
29000000, 32, 32, 21352877, 3966924.19, 7854298.56, 0.00, 642.09, 0.00, 962.23
30000000, 32, 32, 21363890, 4308393.50, 8552187.69, 0.00, 641.33, 0.00, 960.67
31000000, 32, 32, 21342967, 4690243.38, 9264726.16, 0.00, 640.89, 0.00, 960.89
32000000, 32, 32, 21343429, 5004274.69, 9889862.09, 0.00, 640.29, 0.00, 959.98

#Info: 99.9/0.1 - 1/500 microsecond
