500000, 32, 10000, 500000, 1.08, 2.17, 38.83, 640.03, 154.84, 40967.64
1000000, 32, 10000, 1000000, 1.08, 2.17, 39.15, 640.06, 154.72, 20483.77
2000000, 32, 10000, 2000000, 1.08, 6.50, 39.52, 640.45, 154.78, 10246.99
3000000, 32, 10000, 3000000, 1.08, 15.73, 39.67, 640.58, 154.23, 6832.73
4000000, 32, 10000, 4000000, 1.08, 63.28, 39.66, 641.10, 154.37, 5128.69
5000000, 32, 10000, 5000000, 1.08, 71.29, 39.50, 641.31, 154.17, 4104.45
6000000, 32, 10000, 6000000, 1.08, 81.03, 39.17, 642.48, 154.19, 3426.56
7000000, 32, 10000, 7000146, 2.17, 97.46, 38.66, 642.43, 153.85, 2936.74
8000000, 32, 10000, 8000000, 2.17, 129.55, 37.95, 643.13, 153.34, 2572.46
9000000, 32, 10000, 9000563, 2.17, 168.78, 36.99, 643.65, 153.39, 2288.43
10000000, 32, 10000, 10000000, 2.17, 248.88, 35.80, 645.28, 153.25, 2064.94
11000000, 32, 10000, 11000343, 2.17, 547.30, 34.34, 647.83, 153.39, 1884.58
12000000, 32, 10000, 11999999, 3.66, 1187.39, 32.61, 649.80, 153.14, 1732.72
13000000, 32, 10000, 13001077, 13.37, 2241.14, 30.58, 652.91, 153.23, 1607.01
14000000, 32, 10000, 14000290, 26.21, 4134.30, 28.24, 658.91, 153.79, 1506.04
15000000, 32, 10000, 14999885, 43.91, 8272.88, 25.56, 682.23, 157.85, 1455.45
16000000, 32, 10000, 15996307, 72.18, 24920.71, 22.29, 701.24, 160.83, 1402.78
17000000, 32, 10000, 16918345, 93.14, 1150112.68, 20.15, 664.23, 138.74, 1256.38
18000000, 32, 10000, 17242829, 111.89, 9448653.45, 17.65, 659.27, 136.81, 1223.51
19000000, 32, 10000, 17367012, 144.53, 19261620.34, 14.18, 645.16, 138.94, 1188.73
20000000, 32, 10000, 17621989, 182.60, 23066462.46, 11.72, 640.53, 137.94, 1163.14
21000000, 32, 10000, 17901275, 230.58, 24514518.56, 9.59, 640.14, 136.70, 1144.34
22000000, 32, 10000, 18118127, 288.44, 25184940.39, 7.83, 640.15, 135.94, 1130.67
23000000, 32, 10000, 18303140, 356.06, 25640356.44, 6.45, 640.04, 134.92, 1119.14
24000000, 32, 10000, 18439098, 430.13, 25685639.89, 5.39, 640.11, 134.16, 1110.99
25000000, 32, 10000, 18550676, 515.23, 25678465.63, 4.55, 640.09, 133.40, 1104.25
26000000, 32, 10000, 18643521, 612.85, 25710014.19, 3.87, 640.14, 132.61, 1098.82
27000000, 32, 10000, 18739059, 720.02, 25732148.75, 3.34, 640.19, 131.51, 1093.22
28000000, 32, 10000, 18788499, 845.14, 25800371.77, 2.91, 640.07, 131.05, 1090.24
29000000, 32, 10000, 18864691, 981.14, 25827095.65, 2.59, 640.13, 129.95, 1085.93
30000000, 32, 10000, 18901405, 1173.42, 25916541.34, 2.31, 640.07, 129.38, 1083.77
31000000, 32, 10000, 18943804, 1783.81, 25994574.01, 2.09, 640.12, 128.71, 1081.38
32000000, 32, 10000, 18990241, 10088.51, 26083948.55, 1.90, 640.09, 127.99, 1078.71

