500000, 32, 10000, 500000, 1.08, 2.17, 38.44, 640.06, 31.04, 40968.03
1000000, 32, 10000, 1000000, 1.08, 2.17, 38.44, 640.12, 31.04, 20485.50
2000000, 32, 10000, 2000000, 1.08, 2.17, 38.44, 640.04, 31.04, 10241.94
3000000, 32, 10000, 3000000, 1.08, 2.17, 38.44, 640.06, 31.04, 6828.04
4000000, 32, 10000, 4000000, 1.08, 2.17, 38.44, 640.06, 31.04, 5120.99
5000000, 32, 10000, 5000000, 1.08, 2.17, 38.44, 640.03, 31.04, 4096.75
6000000, 32, 10000, 6000000, 1.08, 2.17, 38.44, 640.05, 31.04, 3413.92
7000000, 32, 10000, 7000146, 1.08, 2.17, 38.44, 640.04, 31.04, 2926.16
8000000, 32, 10000, 8000000, 1.08, 2.17, 38.44, 640.05, 31.04, 2560.43
9000000, 32, 10000, 9000563, 1.08, 2.17, 38.44, 640.06, 31.04, 2275.81
10000000, 32, 10000, 10000000, 1.08, 2.17, 38.44, 640.05, 31.04, 2048.33
11000000, 32, 10000, 11000344, 1.08, 2.17, 38.44, 640.05, 31.04, 1862.05
12000000, 32, 10000, 12000000, 1.08, 2.17, 38.44, 640.10, 31.04, 1707.10
13000000, 32, 10000, 13001084, 1.08, 2.17, 38.44, 640.04, 31.04, 1575.50
14000000, 32, 10000, 14000292, 1.08, 2.17, 38.45, 640.10, 31.04, 1463.17
15000000, 32, 10000, 15000000, 1.08, 2.17, 38.44, 640.10, 31.04, 1365.67
16000000, 32, 10000, 16000000, 1.08, 2.17, 38.44, 640.20, 31.04, 1280.40
17000000, 32, 10000, 17000177, 1.08, 2.17, 38.44, 640.27, 31.04, 1205.17
18000000, 32, 10000, 18001125, 1.08, 2.17, 38.45, 640.28, 31.04, 1138.19
19000000, 32, 10000, 19002375, 1.08, 3.25, 38.85, 640.45, 30.73, 1078.56
20000000, 32, 10000, 19999999, 2.17, 16.28, 43.21, 644.24, 27.58, 1030.76
21000000, 32, 10000, 21001962, 9.70, 28.96, 41.69, 644.31, 23.74, 981.74
22000000, 32, 10000, 22003195, 16.20, 40.85, 35.80, 641.80, 23.54, 933.42
23000000, 32, 10000, 23005010, 24.46, 56.39, 30.35, 641.65, 23.71, 892.51
24000000, 32, 10000, 23998956, 38.03, 7278.95, 25.42, 641.27, 23.70, 855.07
25000000, 32, 10000, 24399035, 44.44, 3745459.72, 23.47, 641.07, 24.03, 840.76
26000000, 32, 10000, 24809930, 50.24, 6932966.84, 21.56, 641.17, 24.66, 826.97
27000000, 32, 10000, 25266517, 57.17, 9402226.20, 19.52, 641.51, 24.96, 812.46
28000000, 32, 10000, 25762041, 65.84, 11230704.19, 17.43, 641.11, 24.96, 796.32
29000000, 32, 10000, 26306458, 77.62, 13074990.20, 15.25, 640.16, 24.64, 778.62

