500000, 32, 1000, 500000, 1.08, 2.17, 16.01, 640.45, 39.33, 40988.47
1000000, 32, 1000, 1000000, 1.08, 2.17, 16.01, 640.41, 39.33, 20493.63
2000000, 32, 1000, 2000000, 1.08, 2.17, 16.01, 640.45, 39.33, 10247.06
3000000, 32, 1000, 3000000, 1.08, 2.17, 16.01, 640.32, 39.33, 6830.73
4000000, 32, 1000, 4000000, 1.08, 2.17, 16.00, 640.34, 39.33, 5123.11
5000000, 32, 1000, 5000000, 1.08, 2.17, 16.01, 640.32, 39.33, 4098.44
6000000, 32, 1000, 6000000, 1.08, 2.17, 16.01, 640.38, 39.33, 3415.53
7000000, 32, 1000, 7000146, 1.08, 2.17, 16.01, 640.28, 39.33, 2927.31
8000000, 32, 1000, 8000000, 1.08, 2.17, 16.01, 640.33, 39.33, 2561.50
9000000, 32, 1000, 9000563, 1.08, 2.17, 16.01, 640.38, 39.33, 2276.90
10000000, 32, 1000, 10000000, 1.08, 2.17, 16.01, 640.31, 39.33, 2049.21
11000000, 32, 1000, 11000344, 1.08, 2.17, 16.00, 640.31, 39.33, 1862.84
12000000, 32, 1000, 12000000, 1.08, 2.17, 16.01, 640.31, 39.33, 1707.65
13000000, 32, 1000, 13001084, 1.08, 2.17, 16.01, 640.28, 39.33, 1576.13
14000000, 32, 1000, 14000292, 1.08, 2.17, 16.01, 640.28, 39.33, 1463.63
15000000, 32, 1000, 15000000, 1.08, 2.17, 16.01, 640.57, 39.34, 1366.72
16000000, 32, 1000, 16000000, 1.08, 2.17, 16.00, 640.60, 39.34, 1281.32
17000000, 32, 1000, 17000177, 1.08, 2.17, 16.01, 640.58, 39.34, 1205.93
18000000, 32, 1000, 18001125, 1.08, 2.17, 16.01, 640.73, 39.35, 1139.08
19000000, 32, 1000, 19002375, 1.08, 2.17, 16.01, 640.76, 39.35, 1079.08
20000000, 32, 1000, 20000000, 1.08, 2.17, 16.01, 641.42, 39.38, 1026.28
21000000, 32, 1000, 21001969, 1.08, 2.17, 16.01, 641.52, 39.39, 977.52
22000000, 32, 1000, 22003209, 1.08, 2.17, 16.01, 642.18, 39.43, 933.94
23000000, 32, 1000, 23005032, 1.08, 2.24, 16.02, 642.27, 39.43, 893.38
24000000, 32, 1000, 24000000, 1.08, 3.35, 15.94, 642.43, 39.42, 856.54
25000000, 32, 1000, 24999999, 1.11, 5.52, 15.50, 642.82, 39.58, 822.79
26000000, 32, 1000, 26002165, 2.24, 7.74, 13.98, 643.51, 38.80, 791.96
27000000, 32, 1000, 27004214, 4.35, 10.98, 11.07, 643.37, 35.78, 762.37
28000000, 32, 1000, 28004658, 7.47, 16.32, 7.98, 642.55, 31.96, 734.23
29000000, 32, 1000, 28999105, 12.09, 13439.59, 5.20, 642.42, 27.50, 708.91
30000000, 32, 1000, 29554816, 21.26, 1132236.59, 3.83, 642.01, 24.37, 695.17
31000000, 32, 1000, 29657847, 22.84, 3275671.33, 3.56, 641.70, 24.02, 692.44
32000000, 32, 1000, 29766266, 24.15, 5202000.44, 3.30, 641.33, 23.37, 689.50
