500000, 32, 1000, 500000, 1.08, 2.17, 16.17, 640.30, 163.15, 40983.53
1000000, 32, 1000, 1000000, 1.08, 2.17, 16.20, 640.44, 163.27, 20493.95
2000000, 32, 1000, 2000000, 1.08, 5.33, 16.08, 640.65, 163.21, 10250.61
3000000, 32, 1000, 3000000, 1.08, 12.37, 15.86, 641.31, 163.33, 6840.55
4000000, 32, 1000, 4000000, 1.08, 49.34, 15.55, 641.06, 162.89, 5128.60
5000000, 32, 1000, 5000000, 1.08, 60.60, 15.18, 641.83, 162.78, 4107.63
6000000, 32, 1000, 6000000, 1.08, 66.26, 14.74, 641.65, 162.17, 3422.13
7000000, 32, 1000, 7000146, 1.08, 73.82, 14.26, 642.51, 161.87, 2937.21
8000000, 32, 1000, 8000000, 1.08, 93.81, 13.72, 644.47, 161.72, 2577.91
9000000, 32, 1000, 9000561, 1.08, 154.58, 13.12, 642.71, 160.60, 2284.99
10000000, 32, 1000, 10000000, 1.08, 315.86, 12.48, 644.02, 159.90, 2060.92
11000000, 32, 1000, 11000344, 1.08, 565.69, 11.78, 647.68, 159.64, 1884.20
12000000, 32, 1000, 11999999, 2.17, 904.55, 11.01, 646.13, 158.20, 1722.94
13000000, 32, 1000, 13001083, 2.17, 1344.44, 10.17, 648.59, 157.60, 1596.41
14000000, 32, 1000, 14000292, 5.08, 1987.92, 9.25, 650.10, 156.58, 1485.91
15000000, 32, 1000, 14999993, 10.14, 2971.26, 8.20, 655.82, 156.43, 1399.15
16000000, 32, 1000, 15999988, 16.23, 4476.98, 7.07, 667.90, 156.65, 1335.79
17000000, 32, 1000, 16999880, 26.84, 7381.08, 5.67, 681.94, 158.18, 1283.66
18000000, 32, 1000, 17979312, 47.92, 27928.31, 4.12, 697.18, 158.71, 1240.88
19000000, 32, 1000, 18930888, 56.42, 455745.28, 3.85, 653.37, 133.21, 1104.44
20000000, 32, 1000, 19744243, 61.45, 1475579.13, 3.67, 645.58, 118.99, 1046.29
21000000, 32, 1000, 19924497, 66.44, 5839723.94, 3.31, 651.22, 117.54, 1045.95
22000000, 32, 1000, 19822862, 74.92, 11773909.58, 2.77, 641.40, 117.50, 1035.40
23000000, 32, 1000, 19961021, 97.38, 16828794.84, 2.09, 640.97, 115.16, 1027.56
24000000, 32, 1000, 20047626, 120.63, 18851941.21, 1.78, 641.20, 113.63, 1023.52
25000000, 32, 1000, 20102948, 137.45, 19260008.13, 1.61, 641.08, 112.57, 1020.54
26000000, 32, 1000, 20152477, 172.37, 19796658.88, 1.42, 640.62, 111.50, 1017.23
27000000, 32, 1000, 20178894, 204.97, 20086569.93, 1.31, 640.46, 110.86, 1015.73
28000000, 32, 1000, 20199941, 357.03, 20349468.69, 1.19, 640.61, 110.27, 1014.81
29000000, 32, 1000, 20230297, 822.59, 20579469.03, 1.11, 640.48, 109.61, 1013.16
30000000, 32, 1000, 20222782, 4979.20, 20850563.86, 1.03, 640.45, 109.49, 1013.50
31000000, 32, 1000, 20262246, 18090.40, 21038601.46, 0.97, 640.53, 108.75, 1011.65
32000000, 32, 1000, 20294387, 161160.46, 21217773.06, 0.91, 640.63, 108.13, 1010.07

