500000, 32, 100, 500000, 1.00, 1.08, 0.00, 642.00, 150.35, 41092.06
1000000, 32, 100, 1000000, 1.00, 7.77, 0.00, 642.13, 150.63, 20548.50
2000000, 32, 100, 2000000, 1.08, 10.12, 0.00, 642.41, 150.61, 10278.39
3000000, 32, 100, 3000000, 1.08, 11.30, 0.00, 642.68, 149.96, 6855.16
4000000, 32, 100, 4000000, 1.08, 14.21, 0.00, 642.69, 149.42, 5141.56
5000000, 32, 100, 5000000, 1.08, 22.04, 0.00, 643.57, 149.34, 4119.05
6000000, 32, 100, 6000000, 1.08, 52.23, 0.00, 643.93, 148.99, 3434.21
7000000, 32, 100, 7000146, 1.08, 71.54, 0.00, 643.87, 148.15, 2943.50
8000000, 32, 100, 7999997, 1.08, 139.75, 0.00, 644.71, 148.34, 2578.96
9000000, 32, 100, 9000562, 1.08, 213.18, 0.00, 644.73, 147.35, 2292.11
10000000, 32, 100, 9999999, 1.08, 295.17, 0.00, 644.26, 147.08, 2061.71
11000000, 32, 100, 11000341, 1.08, 382.23, 0.00, 646.20, 146.52, 1879.80
12000000, 32, 100, 11999999, 1.08, 489.74, 0.00, 650.34, 146.57, 1734.27
13000000, 32, 100, 13001076, 1.08, 628.43, 0.00, 648.43, 145.08, 1595.96
14000000, 32, 100, 14000290, 2.08, 783.43, 0.00, 652.87, 145.03, 1492.24
15000000, 32, 100, 14999994, 4.27, 966.03, 0.00, 652.99, 144.44, 1393.08
16000000, 32, 100, 15999986, 13.49, 1178.09, 0.00, 658.40, 144.06, 1316.82
17000000, 32, 100, 17000168, 21.48, 1497.75, 0.00, 665.95, 144.25, 1253.55
18000000, 32, 100, 18000243, 62.99, 2232.34, 0.00, 690.11, 147.61, 1226.86
19000000, 32, 100, 18973580, 10372.77, 45391.96, 0.00, 652.18, 133.92, 1100.06
20000000, 32, 100, 19880195, 44201.56, 180288.45, 0.00, 645.43, 118.78, 1039.29
21000000, 32, 100, 20777631, 81549.44, 329361.44, 0.00, 648.88, 106.81, 1000.02
22000000, 32, 100, 21645781, 123868.79, 513391.75, 0.00, 644.76, 95.08, 954.30
23000000, 32, 100, 22477087, 178804.50, 758506.89, 0.00, 643.56, 85.11, 917.80
24000000, 32, 100, 23229489, 256888.08, 1126896.28, 0.00, 644.96, 77.00, 890.48
25000000, 32, 100, 23863098, 358580.38, 1652196.07, 0.00, 643.69, 70.25, 865.62
26000000, 32, 100, 24295407, 521385.67, 2433889.49, 0.00, 644.89, 66.01, 851.94
27000000, 32, 100, 24499725, 726744.99, 3473104.37, 0.00, 643.50, 63.83, 843.08
28000000, 32, 100, 24684975, 1007935.49, 4556449.48, 0.00, 644.65, 61.86, 838.44
29000000, 32, 100, 24787226, 1320908.51, 5600735.50, 0.00, 642.68, 60.35, 832.49
30000000, 32, 100, 24877371, 1658750.19, 6508614.78, 0.00, 642.76, 59.15, 829.69
31000000, 32, 100, 24930851, 1995351.71, 7338844.12, 0.00, 642.13, 58.25, 827.18
32000000, 32, 100, 24977289, 2351700.38, 8063381.54, 0.00, 642.09, 57.49, 825.59

