500000, 32, 100, 500000, 1.00, 1.08, 0.00, 642.03, 26.14, 41093.37
1000000, 32, 100, 1000000, 1.00, 1.08, 0.00, 642.01, 26.14, 20546.40
2000000, 32, 100, 2000000, 1.00, 1.08, 0.00, 642.06, 26.14, 10273.87
3000000, 32, 100, 3000000, 1.00, 1.08, 0.00, 642.04, 26.14, 6849.01
4000000, 32, 100, 4000000, 1.00, 1.08, 0.00, 642.03, 26.14, 5136.61
5000000, 32, 100, 5000000, 1.00, 1.08, 0.00, 642.00, 26.14, 4109.26
6000000, 32, 100, 6000000, 1.00, 1.08, 0.00, 642.04, 26.14, 3424.49
7000000, 32, 100, 7000146, 1.00, 1.08, 0.00, 642.01, 26.14, 2935.17
8000000, 32, 100, 8000000, 1.00, 1.08, 0.00, 642.00, 26.14, 2568.26
9000000, 32, 100, 9000563, 1.00, 1.08, 0.00, 642.00, 26.14, 2282.75
10000000, 32, 100, 10000000, 1.00, 1.08, 0.00, 642.01, 26.14, 2054.67
11000000, 32, 100, 11000344, 1.00, 1.08, 0.00, 642.00, 26.13, 1867.74
12000000, 32, 100, 12000000, 1.00, 1.08, 0.00, 642.01, 26.14, 1712.21
13000000, 32, 100, 13001084, 1.00, 1.08, 0.00, 642.00, 26.14, 1580.31
14000000, 32, 100, 14000292, 1.00, 1.08, 0.00, 642.00, 26.14, 1467.56
15000000, 32, 100, 15000000, 1.00, 1.08, 0.00, 642.01, 26.13, 1369.76
16000000, 32, 100, 16000000, 1.00, 1.08, 0.00, 642.01, 26.14, 1284.14
17000000, 32, 100, 17000177, 1.00, 1.08, 0.00, 642.00, 26.14, 1208.56
18000000, 32, 100, 18001125, 1.00, 1.08, 0.00, 642.01, 26.14, 1141.41
19000000, 32, 100, 19002375, 1.00, 1.08, 0.00, 642.00, 26.14, 1081.25
20000000, 32, 100, 20000000, 1.00, 1.08, 0.00, 642.07, 26.14, 1027.35
21000000, 32, 100, 21001969, 1.00, 1.08, 0.00, 642.00, 26.13, 978.33
22000000, 32, 100, 22003209, 1.00, 1.08, 0.00, 642.01, 26.13, 933.79
23000000, 32, 100, 23005032, 1.00, 1.08, 0.00, 642.00, 26.14, 893.07
24000000, 32, 100, 24000000, 1.00, 1.08, 0.00, 642.00, 26.13, 856.10
25000000, 32, 100, 25000000, 1.00, 1.08, 0.00, 642.00, 26.13, 821.77
26000000, 32, 100, 26002167, 1.00, 1.08, 0.00, 642.00, 26.14, 790.25
27000000, 32, 100, 27004220, 1.00, 1.08, 0.00, 642.00, 26.13, 760.79
28000000, 32, 100, 28004668, 1.00, 1.08, 0.00, 642.00, 26.14, 733.65
29000000, 32, 100, 29003021, 1.00, 1.08, 0.00, 642.02, 26.14, 708.44
30000000, 32, 100, 30000000, 1.00, 1.08, 0.00, 642.34, 26.14, 685.17
31000000, 32, 100, 31007746, 3.30, 5.54, 0.00, 642.64, 20.54, 663.19
32000000, 32, 100, 31415844, 134872.49, 553896.54, 0.00, 642.33, 12.03, 654.28
