500000, 32, 32, 500000, 1.00, 7.95, 0.00, 640.00, 123.75, 40962.91
1000000, 32, 32, 1000000, 1.00, 7.95, 0.00, 640.20, 123.42, 20485.64
2000000, 32, 32, 2000000, 1.00, 9.95, 0.00, 640.45, 123.53, 10246.93
3000000, 32, 32, 3000000, 1.00, 10.95, 0.00, 641.01, 123.87, 6837.64
4000000, 32, 32, 4000000, 1.00, 14.17, 0.00, 640.76, 123.69, 5125.98
5000000, 32, 32, 5000000, 1.00, 16.81, 0.00, 641.23, 124.03, 4103.93
6000000, 32, 32, 6000000, 1.00, 17.90, 0.00, 641.15, 123.78, 3419.56
7000000, 32, 32, 7000146, 1.00, 19.99, 0.00, 643.44, 124.39, 2941.34
8000000, 32, 32, 8000000, 1.00, 27.63, 0.00, 642.05, 123.88, 2568.23
9000000, 32, 32, 9000562, 1.00, 31.38, 0.00, 643.15, 124.35, 2286.55
10000000, 32, 32, 10000000, 1.00, 36.96, 0.00, 642.39, 123.75, 2055.51
11000000, 32, 32, 11000343, 1.00, 44.77, 0.00, 645.18, 124.47, 1876.85
12000000, 32, 32, 12000000, 1.00, 55.85, 0.00, 644.30, 124.51, 1718.13
13000000, 32, 32, 13001083, 1.00, 68.53, 0.00, 650.07, 125.40, 1599.99
14000000, 32, 32, 14000289, 8.95, 87.40, 0.00, 649.04, 125.32, 1483.52
15000000, 32, 32, 14999998, 11.95, 117.90, 0.00, 650.01, 125.60, 1386.76
16000000, 32, 32, 15999998, 18.27, 165.75, 0.00, 652.13, 125.70, 1304.22
17000000, 32, 32, 17000170, 34.12, 275.99, 0.00, 661.59, 127.62, 1245.35
18000000, 32, 32, 18000107, 83.59, 591.21, 0.00, 698.05, 134.70, 1240.96
19000000, 32, 32, 18997200, 4708.22, 9489.26, 0.00, 676.65, 128.94, 1139.72
20000000, 32, 32, 19938629, 45217.47, 90253.02, 0.00, 643.15, 108.60, 1032.23
21000000, 32, 32, 20874998, 87091.02, 171801.82, 0.00, 644.30, 95.91, 987.69
22000000, 32, 32, 21803162, 125935.69, 248867.48, 0.00, 642.73, 84.05, 943.28
23000000, 32, 32, 22717818, 167234.89, 330543.80, 0.00, 642.48, 73.45, 905.00
24000000, 32, 32, 23610622, 209959.65, 415595.81, 0.00, 641.49, 63.80, 869.43
25000000, 32, 32, 24491982, 254482.69, 505265.57, 0.00, 641.51, 55.03, 838.17
26000000, 32, 32, 25350043, 306939.53, 607294.55, 0.00, 642.75, 47.27, 811.37
27000000, 32, 32, 26175900, 364939.54, 722635.86, 0.00, 642.19, 40.01, 785.05
28000000, 32, 32, 26961381, 431684.87, 854841.38, 0.00, 641.07, 33.60, 760.87
29000000, 32, 32, 27691579, 513067.21, 1015263.22, 0.00, 641.43, 27.97, 741.22
30000000, 32, 32, 28354371, 609377.63, 1206541.65, 0.00, 640.95, 23.07, 723.38
31000000, 32, 32, 28941108, 727861.15, 1441145.80, 0.00, 641.12, 18.99, 708.89
32000000, 32, 32, 29427824, 864545.25, 1712064.77, 0.00, 640.50, 15.68, 696.46

