500000, 32, 1024, 500000, 1.38, 1.38, 6.87, 40960.00, 0.00, 0.00
1000000, 32, 1024, 1000000, 1.38, 1.38, 6.87, 20480.00, 0.00, 0.00
2000000, 32, 1024, 2000000, 1.38, 1.38, 6.87, 10240.00, 0.00, 0.00
3000000, 32, 1024, 3000000, 1.38, 1.38, 6.87, 6826.56, 0.00, 0.00
4000000, 32, 1024, 4000000, 1.38, 1.38, 6.87, 5120.00, 0.00, 0.00
5000000, 32, 1024, 5000000, 1.38, 1.38, 6.87, 4096.00, 0.00, 0.00
6000000, 32, 1024, 6000000, 1.38, 1.38, 6.87, 3413.44, 0.00, 0.00
7000000, 32, 1024, 7000146, 1.38, 1.38, 6.87, 2925.76, 0.00, 0.00
8000000, 32, 1024, 8000000, 1.38, 1.38, 6.87, 2560.00, 0.00, 0.00
9000000, 32, 1024, 9000563, 1.38, 1.38, 6.87, 2275.52, 0.00, 0.00
10000000, 32, 1024, 10000000, 1.38, 1.38, 6.87, 2048.00, 0.00, 0.00
11000000, 32, 1024, 11000344, 1.38, 1.38, 6.87, 1861.76, 0.00, 0.00
12000000, 32, 1024, 12000000, 1.38, 1.38, 6.87, 1706.56, 0.00, 0.00
13000000, 32, 1024, 13001084, 1.38, 1.38, 6.87, 1575.36, 0.00, 0.00
14000000, 32, 1024, 14000292, 1.38, 1.38, 6.87, 1462.72, 0.00, 0.00
15000000, 32, 1024, 15000000, 1.38, 1.38, 6.87, 1365.44, 0.00, 0.00
16000000, 32, 1024, 16000000, 1.38, 1.38, 6.87, 1280.00, 0.00, 0.00
17000000, 32, 1024, 17000177, 1.38, 1.38, 6.87, 1204.80, 0.00, 0.00
18000000, 32, 1024, 18001125, 1.38, 1.38, 6.87, 1137.60, 0.00, 0.00
19000000, 32, 1024, 19002375, 1.38, 1.38, 6.87, 1077.76, 0.00, 0.00
20000000, 32, 1024, 20000000, 1.38, 1.38, 6.87, 1024.00, 0.00, 0.00
21000000, 32, 1024, 21001969, 1.38, 1.38, 6.87, 975.04, 0.00, 0.00
22000000, 32, 1024, 22003209, 1.38, 1.38, 6.87, 930.88, 0.00, 0.00
23000000, 32, 1024, 23005032, 1.38, 1.38, 6.87, 890.24, 0.00, 0.00
24000000, 32, 1024, 23999999, 1.38, 5.53, 6.64, 854.45, 0.00, 0.00
25000000, 32, 1024, 24999996, 4.38, 13.45, 5.61, 820.22, 0.00, 0.00
26000000, 32, 1024, 26002157, 9.30, 23.83, 4.62, 788.14, 0.00, 0.00
27000000, 32, 1024, 26909694, 23.07, 292295.82, 3.79, 761.45, 0.00, 0.00
28000000, 32, 1024, 26994785, 24.45, 2990585.58, 3.71, 759.19, 0.00, 0.00
29000000, 32, 1024, 27108203, 26.22, 5373099.50, 3.61, 755.99, 0.00, 0.00
30000000, 32, 1024, 27253352, 28.22, 7492545.40, 3.48, 751.68, 0.00, 0.00
31000000, 32, 1024, 27529366, 31.45, 9291901.07, 3.25, 744.04, 0.00, 0.00
32000000, 32, 1024, 27813226, 35.45, 10664092.53, 3.01, 736.56, 0.00, 0.00
