500000, 32, 1024, 500000, 1.32, 2.17, 4.63, 40960.00, 0.00, 0.00
1000000, 32, 1024, 1000000, 1.32, 2.17, 4.63, 20480.00, 0.00, 0.00
2000000, 32, 1024, 2000000, 1.32, 2.17, 4.63, 10240.00, 0.00, 0.00
3000000, 32, 1024, 3000000, 1.32, 2.17, 4.63, 6826.56, 0.00, 0.00
4000000, 32, 1024, 4000000, 1.32, 2.17, 4.63, 5120.00, 0.00, 0.00
5000000, 32, 1024, 5000000, 1.32, 2.17, 4.63, 4096.00, 0.00, 0.00
6000000, 32, 1024, 6000000, 1.32, 2.17, 4.63, 3413.44, 0.00, 0.00
7000000, 32, 1024, 7000146, 1.32, 2.17, 4.63, 2925.76, 0.00, 0.00
8000000, 32, 1024, 8000000, 1.32, 2.17, 4.63, 2560.00, 0.00, 0.00
9000000, 32, 1024, 9000563, 1.32, 2.17, 4.63, 2275.52, 0.00, 0.00
10000000, 32, 1024, 10000000, 1.32, 2.17, 4.63, 2048.00, 0.00, 0.00
11000000, 32, 1024, 11000344, 1.32, 2.17, 4.63, 1861.76, 0.00, 0.00
12000000, 32, 1024, 12000000, 1.32, 2.17, 4.63, 1706.56, 0.00, 0.00
13000000, 32, 1024, 13001084, 1.32, 2.17, 4.63, 1575.36, 0.00, 0.00
14000000, 32, 1024, 14000292, 1.32, 2.17, 4.63, 1462.72, 0.00, 0.00
15000000, 32, 1024, 15000000, 1.32, 2.17, 4.63, 1365.44, 0.00, 0.00
16000000, 32, 1024, 16000000, 1.32, 2.17, 4.63, 1280.00, 0.00, 0.00
17000000, 32, 1024, 17000177, 1.32, 2.17, 4.63, 1204.80, 0.00, 0.00
18000000, 32, 1024, 18001125, 1.32, 2.17, 4.63, 1137.80, 0.00, 0.00
19000000, 32, 1024, 19002375, 1.32, 2.17, 4.63, 1078.02, 0.00, 0.00
20000000, 32, 1024, 20000000, 1.32, 2.17, 4.63, 1024.34, 0.00, 0.00
21000000, 32, 1024, 21001969, 1.32, 2.63, 4.63, 975.60, 0.00, 0.00
22000000, 32, 1024, 22003208, 1.32, 5.27, 4.58, 931.64, 0.00, 0.00
23000000, 32, 1024, 23005031, 2.32, 8.75, 4.35, 891.61, 0.00, 0.00
24000000, 32, 1024, 23999996, 4.48, 13.22, 3.98, 854.11, 0.00, 0.00
25000000, 32, 1024, 24999993, 7.12, 19.17, 3.62, 820.09, 0.00, 0.00
26000000, 32, 1024, 26002154, 11.58, 27.97, 3.21, 788.11, 0.00, 0.00
27000000, 32, 1024, 26796157, 23.38, 645472.32, 2.84, 764.71, 0.00, 0.00
28000000, 32, 1024, 26920364, 24.70, 3218009.12, 2.79, 761.19, 0.00, 0.00
29000000, 32, 1024, 27066039, 26.28, 5499417.25, 2.73, 757.23, 0.00, 0.00
30000000, 32, 1024, 27240356, 28.22, 7552163.87, 2.64, 752.00, 0.00, 0.00
31000000, 32, 1024, 27534552, 31.33, 9275257.18, 2.48, 743.99, 0.00, 0.00
32000000, 32, 1024, 27831710, 35.28, 10609346.23, 2.31, 736.00, 0.00, 0.00
