500000, 32, 1024, 500000, 2.17, 2.17, 20.92, 40960.00, 0.00, 0.00
1000000, 32, 1024, 1000000, 2.17, 2.17, 20.92, 20480.00, 0.00, 0.00
2000000, 32, 1024, 2000000, 2.17, 2.17, 20.92, 10240.00, 0.00, 0.00
3000000, 32, 1024, 3000000, 2.17, 2.17, 20.92, 6826.56, 0.00, 0.00
4000000, 32, 1024, 4000000, 2.17, 2.17, 20.92, 5120.00, 0.00, 0.00
5000000, 32, 1024, 5000000, 2.17, 2.17, 20.92, 4096.00, 0.00, 0.00
6000000, 32, 1024, 6000000, 2.17, 2.17, 20.92, 3413.44, 0.00, 0.00
7000000, 32, 1024, 7000146, 2.17, 2.17, 20.92, 2925.76, 0.00, 0.00
8000000, 32, 1024, 8000000, 2.17, 2.17, 20.92, 2560.00, 0.00, 0.00
9000000, 32, 1024, 9000563, 2.17, 2.17, 20.92, 2275.52, 0.00, 0.00
10000000, 32, 1024, 10000000, 2.17, 2.17, 20.92, 2048.00, 0.00, 0.00
11000000, 32, 1024, 11000344, 2.17, 2.17, 20.92, 1861.76, 0.00, 0.00
12000000, 32, 1024, 12000000, 2.17, 2.17, 20.92, 1706.56, 0.00, 0.00
13000000, 32, 1024, 13001084, 2.17, 2.17, 20.92, 1575.36, 0.00, 0.00
14000000, 32, 1024, 14000292, 2.17, 2.17, 20.92, 1462.72, 0.00, 0.00
15000000, 32, 1024, 15000000, 2.17, 2.17, 20.92, 1365.61, 0.00, 0.00
16000000, 32, 1024, 15999999, 2.17, 10.83, 19.81, 1281.23, 0.00, 0.00
17000000, 32, 1024, 17000175, 5.33, 18.33, 17.66, 1205.88, 0.00, 0.00
18000000, 32, 1024, 18001120, 9.50, 27.00, 15.57, 1139.14, 0.00, 0.00
19000000, 32, 1024, 19002367, 13.83, 37.17, 13.70, 1078.93, 0.00, 0.00
20000000, 32, 1024, 19999985, 22.00, 58.00, 12.01, 1025.05, 0.00, 0.00
21000000, 32, 1024, 20421752, 31.83, 3032459.83, 11.35, 1003.47, 0.00, 0.00
22000000, 32, 1024, 20636559, 34.33, 6712219.17, 11.02, 993.21, 0.00, 0.00
23000000, 32, 1024, 20909961, 36.83, 9700215.83, 10.61, 979.63, 0.00, 0.00
24000000, 32, 1024, 21419847, 40.83, 12003889.83, 9.88, 956.24, 0.00, 0.00
25000000, 32, 1024, 21942466, 45.50, 13621513.00, 9.17, 933.48, 0.00, 0.00
26000000, 32, 1024, 22474904, 51.17, 14822433.67, 8.48, 911.36, 0.00, 0.00
27000000, 32, 1024, 23012956, 58.83, 15701186.00, 7.81, 890.07, 0.00, 0.00
28000000, 32, 1024, 23522875, 70.83, 16321332.17, 7.21, 870.75, 0.00, 0.00
29000000, 32, 1024, 23887502, 77.17, 16665000.00, 6.79, 857.60, 0.00, 0.00
30000000, 32, 1024, 24251355, 85.67, 16800550.17, 6.39, 844.66, 0.00, 0.00
31000000, 32, 1024, 24607876, 98.67, 16868909.83, 6.01, 832.41, 0.00, 0.00
32000000, 32, 1024, 24891678, 106.00, 16912431.33, 5.71, 823.00, 0.00, 0.00
