500000, 32, 128, 500000, 1.38, 1.38, 4.49, 40960.00, 0.00, 0.00
1000000, 32, 128, 1000000, 1.38, 1.38, 4.49, 20480.00, 0.00, 0.00
2000000, 32, 128, 2000000, 1.38, 1.38, 4.49, 10240.00, 0.00, 0.00
3000000, 32, 128, 3000000, 1.38, 1.38, 4.49, 6826.56, 0.00, 0.00
4000000, 32, 128, 4000000, 1.38, 1.38, 4.49, 5120.00, 0.00, 0.00
5000000, 32, 128, 5000000, 1.38, 1.38, 4.49, 4096.00, 0.00, 0.00
6000000, 32, 128, 6000000, 1.38, 1.38, 4.49, 3413.44, 0.00, 0.00
7000000, 32, 128, 7000146, 1.38, 1.38, 4.49, 2925.76, 0.00, 0.00
8000000, 32, 128, 8000000, 1.38, 1.38, 4.49, 2560.00, 0.00, 0.00
9000000, 32, 128, 9000563, 1.38, 1.38, 4.49, 2275.52, 0.00, 0.00
10000000, 32, 128, 10000000, 1.38, 1.38, 4.49, 2048.00, 0.00, 0.00
11000000, 32, 128, 11000344, 1.38, 1.38, 4.49, 1861.76, 0.00, 0.00
12000000, 32, 128, 12000000, 1.38, 1.38, 4.49, 1706.56, 0.00, 0.00
13000000, 32, 128, 13001084, 1.38, 1.38, 4.49, 1575.36, 0.00, 0.00
14000000, 32, 128, 14000292, 1.38, 1.38, 4.49, 1462.72, 0.00, 0.00
15000000, 32, 128, 15000000, 1.38, 1.38, 4.49, 1365.44, 0.00, 0.00
16000000, 32, 128, 16000000, 1.38, 1.38, 4.49, 1280.00, 0.00, 0.00
17000000, 32, 128, 17000177, 1.38, 1.38, 4.49, 1204.80, 0.00, 0.00
18000000, 32, 128, 18001125, 1.38, 1.38, 4.49, 1137.60, 0.00, 0.00
19000000, 32, 128, 19002375, 1.38, 1.38, 4.49, 1077.76, 0.00, 0.00
20000000, 32, 128, 20000000, 1.38, 1.38, 4.49, 1024.00, 0.00, 0.00
21000000, 32, 128, 21001969, 1.38, 1.38, 4.49, 975.04, 0.00, 0.00
22000000, 32, 128, 22003209, 1.38, 1.38, 4.49, 930.88, 0.00, 0.00
23000000, 32, 128, 23005032, 1.38, 1.38, 4.49, 890.24, 0.00, 0.00
24000000, 32, 128, 24000000, 1.38, 1.38, 4.49, 853.55, 0.00, 0.00
25000000, 32, 128, 25000000, 1.38, 1.38, 4.48, 819.60, 0.00, 0.00
26000000, 32, 128, 26002166, 1.38, 3.77, 4.28, 788.31, 0.00, 0.00
27000000, 32, 128, 27004218, 2.00, 5.77, 3.66, 759.03, 0.00, 0.00
28000000, 32, 128, 28004665, 2.38, 8.77, 2.85, 731.85, 0.00, 0.00
29000000, 32, 128, 29003015, 5.00, 12.15, 2.07, 706.50, 0.00, 0.00
30000000, 32, 128, 29290485, 121230.83, 860614.67, 1.85, 699.39, 0.00, 0.00
31000000, 32, 128, 29317048, 237051.42, 1981877.17, 1.83, 698.87, 0.00, 0.00
32000000, 32, 128, 29345506, 294395.57, 3010965.53, 1.81, 698.19, 0.00, 0.00
