500000, 32, 128, 500000, 2.17, 2.17, 13.67, 40960.00, 0.00, 0.00
1000000, 32, 128, 1000000, 2.17, 2.17, 13.67, 20480.00, 0.00, 0.00
2000000, 32, 128, 2000000, 2.17, 2.17, 13.67, 10240.00, 0.00, 0.00
3000000, 32, 128, 3000000, 2.17, 2.17, 13.67, 6826.56, 0.00, 0.00
4000000, 32, 128, 4000000, 2.17, 2.17, 13.67, 5120.00, 0.00, 0.00
5000000, 32, 128, 5000000, 2.17, 2.17, 13.67, 4096.00, 0.00, 0.00
6000000, 32, 128, 6000000, 2.17, 2.17, 13.67, 3413.44, 0.00, 0.00
7000000, 32, 128, 7000146, 2.17, 2.17, 13.67, 2925.76, 0.00, 0.00
8000000, 32, 128, 8000000, 2.17, 2.17, 13.67, 2560.00, 0.00, 0.00
9000000, 32, 128, 9000563, 2.17, 2.17, 13.67, 2275.52, 0.00, 0.00
10000000, 32, 128, 10000000, 2.17, 2.17, 13.67, 2048.00, 0.00, 0.00
11000000, 32, 128, 11000344, 2.17, 2.17, 13.67, 1861.76, 0.00, 0.00
12000000, 32, 128, 12000000, 2.17, 2.17, 13.67, 1706.56, 0.00, 0.00
13000000, 32, 128, 13001084, 2.17, 2.17, 13.67, 1575.36, 0.00, 0.00
14000000, 32, 128, 14000292, 2.17, 2.17, 13.67, 1462.72, 0.00, 0.00
15000000, 32, 128, 15000000, 2.17, 2.17, 13.67, 1365.56, 0.00, 0.00
16000000, 32, 128, 16000000, 2.17, 2.17, 13.67, 1280.50, 0.00, 0.00
17000000, 32, 128, 17000177, 2.17, 3.17, 13.52, 1205.46, 0.00, 0.00
18000000, 32, 128, 18001125, 2.17, 5.33, 13.10, 1138.39, 0.00, 0.00
19000000, 32, 128, 19002375, 2.17, 6.33, 12.36, 1078.61, 0.00, 0.00
20000000, 32, 128, 19999999, 2.17, 7.50, 11.38, 1024.83, 0.00, 0.00
21000000, 32, 128, 21001967, 3.00, 9.33, 10.24, 975.92, 0.00, 0.00
22000000, 32, 128, 22003207, 3.17, 10.50, 9.02, 931.62, 0.00, 0.00
23000000, 32, 128, 23005029, 4.17, 12.33, 7.82, 891.22, 0.00, 0.00
24000000, 32, 128, 23999995, 5.17, 14.50, 6.67, 853.91, 0.00, 0.00
25000000, 32, 128, 24963210, 9658.17, 63165.50, 5.64, 820.60, 0.00, 0.00
26000000, 32, 128, 25020501, 211401.83, 1608291.17, 5.58, 818.96, 0.00, 0.00
27000000, 32, 128, 25086928, 323325.83, 3014774.50, 5.51, 816.58, 0.00, 0.00
28000000, 32, 128, 25224459, 397134.00, 4270719.83, 5.37, 812.15, 0.00, 0.00
29000000, 32, 128, 25469896, 520152.50, 5272414.00, 5.13, 804.24, 0.00, 0.00
30000000, 32, 128, 25708813, 640123.83, 6124960.33, 4.90, 796.80, 0.00, 0.00
31000000, 32, 128, 25942309, 759687.17, 6860777.67, 4.67, 789.69, 0.00, 0.00
32000000, 32, 128, 26165813, 875302.17, 7478977.33, 4.46, 782.89, 0.00, 0.00
