500000, 32, 128, 500000, 1.32, 1.32, 3.71, 40960.00, 0.00, 0.00
1000000, 32, 128, 1000000, 1.32, 1.32, 3.71, 20480.00, 0.00, 0.00
2000000, 32, 128, 2000000, 1.32, 1.32, 3.71, 10240.00, 0.00, 0.00
3000000, 32, 128, 3000000, 1.32, 1.32, 3.71, 6826.56, 0.00, 0.00
4000000, 32, 128, 4000000, 1.32, 1.32, 3.71, 5120.00, 0.00, 0.00
5000000, 32, 128, 5000000, 1.32, 1.32, 3.71, 4096.00, 0.00, 0.00
6000000, 32, 128, 6000000, 1.32, 1.32, 3.71, 3413.44, 0.00, 0.00
7000000, 32, 128, 7000146, 1.32, 1.32, 3.71, 2925.76, 0.00, 0.00
8000000, 32, 128, 8000000, 1.32, 1.32, 3.71, 2560.00, 0.00, 0.00
9000000, 32, 128, 9000563, 1.32, 1.32, 3.71, 2275.52, 0.00, 0.00
10000000, 32, 128, 10000000, 1.32, 1.32, 3.71, 2048.00, 0.00, 0.00
11000000, 32, 128, 11000344, 1.32, 1.32, 3.71, 1861.76, 0.00, 0.00
12000000, 32, 128, 12000000, 1.32, 1.32, 3.71, 1706.56, 0.00, 0.00
13000000, 32, 128, 13001084, 1.32, 1.32, 3.71, 1575.36, 0.00, 0.00
14000000, 32, 128, 14000292, 1.32, 1.32, 3.71, 1462.72, 0.00, 0.00
15000000, 32, 128, 15000000, 1.32, 1.32, 3.71, 1365.44, 0.00, 0.00
16000000, 32, 128, 16000000, 1.32, 1.32, 3.71, 1280.00, 0.00, 0.00
17000000, 32, 128, 17000177, 1.32, 1.32, 3.71, 1204.80, 0.00, 0.00
18000000, 32, 128, 18001125, 1.32, 1.32, 3.71, 1137.60, 0.00, 0.00
19000000, 32, 128, 19002375, 1.32, 1.32, 3.71, 1077.76, 0.00, 0.00
20000000, 32, 128, 20000000, 1.32, 1.32, 3.71, 1024.00, 0.00, 0.00
21000000, 32, 128, 21001969, 1.32, 1.32, 3.71, 975.04, 0.00, 0.00
22000000, 32, 128, 22003209, 1.32, 1.32, 3.71, 930.88, 0.00, 0.00
23000000, 32, 128, 23005032, 1.32, 1.32, 3.71, 890.24, 0.00, 0.00
24000000, 32, 128, 24000000, 1.32, 1.32, 3.71, 853.44, 0.00, 0.00
25000000, 32, 128, 25000000, 1.32, 1.32, 3.71, 819.51, 0.00, 0.00
26000000, 32, 128, 26002167, 1.32, 1.32, 3.71, 788.11, 0.00, 0.00
27000000, 32, 128, 27004219, 1.32, 3.63, 3.51, 758.85, 0.00, 0.00
28000000, 32, 128, 28004666, 2.00, 6.63, 2.85, 731.83, 0.00, 0.00
29000000, 32, 128, 29003017, 3.32, 9.95, 2.07, 706.49, 0.00, 0.00
30000000, 32, 128, 29717902, 50554.88, 337414.12, 1.54, 689.48, 0.00, 0.00
31000000, 32, 128, 29739479, 189483.88, 1465800.15, 1.52, 688.93, 0.00, 0.00
32000000, 32, 128, 29762466, 270584.18, 2503226.53, 1.50, 688.48, 0.00, 0.00
