500000, 32, 32, 500000, 1.00, 1.00, 0.00, 40960.00, 0.00, 0.00
1000000, 32, 32, 1000000, 1.00, 1.00, 0.00, 20480.00, 0.00, 0.00
2000000, 32, 32, 2000000, 1.00, 1.00, 0.00, 10240.00, 0.00, 0.00
3000000, 32, 32, 3000000, 1.00, 1.00, 0.00, 6826.56, 0.00, 0.00
4000000, 32, 32, 4000000, 1.00, 1.00, 0.00, 5120.00, 0.00, 0.00
5000000, 32, 32, 5000000, 1.00, 1.00, 0.00, 4096.00, 0.00, 0.00
6000000, 32, 32, 6000000, 1.00, 1.00, 0.00, 3413.44, 0.00, 0.00
7000000, 32, 32, 7000146, 1.00, 1.00, 0.00, 2925.76, 0.00, 0.00
8000000, 32, 32, 8000000, 1.00, 1.00, 0.00, 2560.00, 0.00, 0.00
9000000, 32, 32, 9000563, 1.00, 1.00, 0.00, 2275.52, 0.00, 0.00
10000000, 32, 32, 10000000, 1.00, 1.00, 0.00, 2048.00, 0.00, 0.00
11000000, 32, 32, 11000344, 1.00, 1.00, 0.00, 1861.76, 0.00, 0.00
12000000, 32, 32, 12000000, 1.00, 1.00, 0.00, 1706.56, 0.00, 0.00
13000000, 32, 32, 13001084, 1.00, 1.00, 0.00, 1575.36, 0.00, 0.00
14000000, 32, 32, 14000292, 1.00, 1.00, 0.00, 1462.72, 0.00, 0.00
15000000, 32, 32, 15000000, 1.00, 1.00, 0.00, 1365.44, 0.00, 0.00
16000000, 32, 32, 16000000, 1.00, 1.00, 0.00, 1280.00, 0.00, 0.00
17000000, 32, 32, 17000177, 1.00, 1.00, 0.00, 1204.80, 0.00, 0.00
18000000, 32, 32, 18001125, 1.00, 1.00, 0.00, 1137.60, 0.00, 0.00
19000000, 32, 32, 19002375, 1.00, 1.00, 0.00, 1077.76, 0.00, 0.00
20000000, 32, 32, 20000000, 1.00, 1.00, 0.00, 1024.00, 0.00, 0.00
21000000, 32, 32, 21001969, 1.00, 1.00, 0.00, 975.04, 0.00, 0.00
22000000, 32, 32, 22003209, 1.00, 1.00, 0.00, 930.88, 0.00, 0.00
23000000, 32, 32, 23005032, 1.00, 1.00, 0.00, 890.24, 0.00, 0.00
24000000, 32, 32, 24000000, 1.00, 1.00, 0.00, 853.44, 0.00, 0.00
25000000, 32, 32, 25000000, 1.00, 1.00, 0.00, 819.20, 0.00, 0.00
26000000, 32, 32, 26002167, 1.00, 1.00, 0.00, 787.52, 0.00, 0.00
27000000, 32, 32, 27004220, 1.00, 1.00, 0.00, 758.40, 0.00, 0.00
28000000, 32, 32, 28004668, 1.00, 1.00, 0.00, 731.20, 0.00, 0.00
29000000, 32, 32, 29003021, 1.00, 1.00, 0.00, 706.24, 0.00, 0.00
30000000, 32, 32, 30000000, 1.00, 1.00, 0.00, 682.56, 0.00, 0.00
31000000, 32, 32, 31007752, 1.00, 1.00, 0.00, 660.48, 0.00, 0.00
32000000, 32, 32, 31999998, 2.00, 2.00, 0.00, 640.00, 0.00, 0.00
