Req-Rate Cores Tenants Throughput Median(us) Tail(us) Context-Switches(%) Execution-Time(sec) CS-Time(sec) Total-Time(sec)
500000, 32, 32, 500000, 1.00, 1.00, 0.00, 40960.00, 0.00, 0.00
1000000, 32, 32, 1000000, 1.00, 1.00, 0.00, 20480.00, 0.00, 0.00
2000000, 32, 32, 2000000, 1.00, 1.00, 0.00, 10240.00, 0.00, 0.00
3000000, 32, 32, 3000000, 1.00, 1.00, 0.00, 6826.56, 0.00, 0.00
4000000, 32, 32, 4000000, 1.00, 1.00, 0.00, 5120.00, 0.00, 0.00
5000000, 32, 32, 5000000, 1.00, 1.00, 0.00, 4096.00, 0.00, 0.00
6000000, 32, 32, 6000000, 1.00, 1.00, 0.00, 3413.44, 0.00, 0.00
7000000, 32, 32, 7000146, 1.00, 1.00, 0.00, 2925.76, 0.00, 0.00
8000000, 32, 32, 8000000, 1.00, 1.00, 0.00, 2560.00, 0.00, 0.00
9000000, 32, 32, 9000563, 1.00, 1.00, 0.00, 2275.52, 0.00, 0.00
10000000, 32, 32, 10000000, 1.00, 1.00, 0.00, 2048.00, 0.00, 0.00
11000000, 32, 32, 11000344, 1.00, 1.00, 0.00, 1861.76, 0.00, 0.00
12000000, 32, 32, 12000000, 1.00, 1.00, 0.00, 1706.56, 0.00, 0.00
13000000, 32, 32, 13001084, 1.00, 1.00, 0.00, 1575.36, 0.00, 0.00
14000000, 32, 32, 14000292, 1.00, 1.00, 0.00, 1462.72, 0.00, 0.00
15000000, 32, 32, 15000000, 1.00, 1.00, 0.00, 1365.44, 0.00, 0.00
16000000, 32, 32, 16000000, 1.00, 1.00, 0.00, 1280.00, 0.00, 0.00
17000000, 32, 32, 17000177, 1.00, 1.00, 0.00, 1204.80, 0.00, 0.00
18000000, 32, 32, 18001125, 1.00, 1.00, 0.00, 1137.60, 0.00, 0.00
19000000, 32, 32, 19002375, 1.00, 1.00, 0.00, 1077.76, 0.00, 0.00
20000000, 32, 32, 20000000, 1.00, 1.00, 0.00, 1024.00, 0.00, 0.00
21000000, 32, 32, 21001969, 1.00, 1.00, 0.00, 975.04, 0.00, 0.00
22000000, 32, 32, 22003209, 1.00, 1.00, 0.00, 930.88, 0.00, 0.00
23000000, 32, 32, 23005032, 1.00, 1.00, 0.00, 890.24, 0.00, 0.00
24000000, 32, 32, 24000000, 1.00, 1.00, 0.00, 853.44, 0.00, 0.00
25000000, 32, 32, 25000000, 1.00, 1.00, 0.00, 819.20, 0.00, 0.00
26000000, 32, 32, 26002167, 1.00, 1.00, 0.00, 787.52, 0.00, 0.00
27000000, 32, 32, 27004220, 1.00, 1.00, 0.00, 758.40, 0.00, 0.00
28000000, 32, 32, 28004668, 1.00, 1.00, 0.00, 731.20, 0.00, 0.00
29000000, 32, 32, 29003021, 1.00, 1.00, 0.00, 706.24, 0.00, 0.00
30000000, 32, 32, 30000000, 1.00, 1.00, 0.00, 682.56, 0.00, 0.00
31000000, 32, 32, 31007752, 1.00, 1.00, 0.00, 660.48, 0.00, 0.00
32000000, 32, 32, 31999998, 2.00, 2.00, 0.00, 640.00, 0.00, 0.00
500000, 32, 128, 500000, 2.17, 2.17, 13.67, 40960.00, 0.00, 0.00
1000000, 32, 128, 1000000, 2.17, 2.17, 13.67, 20480.00, 0.00, 0.00
2000000, 32, 128, 2000000, 2.17, 2.17, 13.67, 10240.00, 0.00, 0.00
3000000, 32, 128, 3000000, 2.17, 2.17, 13.67, 6826.56, 0.00, 0.00
4000000, 32, 128, 4000000, 2.17, 2.17, 13.67, 5120.00, 0.00, 0.00
5000000, 32, 128, 5000000, 2.17, 2.17, 13.67, 4096.00, 0.00, 0.00
6000000, 32, 128, 6000000, 2.17, 2.17, 13.67, 3413.44, 0.00, 0.00
7000000, 32, 128, 7000146, 2.17, 2.17, 13.67, 2925.76, 0.00, 0.00
8000000, 32, 128, 8000000, 2.17, 2.17, 13.67, 2560.00, 0.00, 0.00
9000000, 32, 128, 9000563, 2.17, 2.17, 13.67, 2275.52, 0.00, 0.00
10000000, 32, 128, 10000000, 2.17, 2.17, 13.67, 2048.00, 0.00, 0.00
11000000, 32, 128, 11000344, 2.17, 2.17, 13.67, 1861.76, 0.00, 0.00
12000000, 32, 128, 12000000, 2.17, 2.17, 13.67, 1706.56, 0.00, 0.00
13000000, 32, 128, 13001084, 2.17, 2.17, 13.67, 1575.36, 0.00, 0.00
14000000, 32, 128, 14000292, 2.17, 2.17, 13.67, 1462.72, 0.00, 0.00
15000000, 32, 128, 15000000, 2.17, 2.17, 13.67, 1365.56, 0.00, 0.00
16000000, 32, 128, 16000000, 2.17, 2.17, 13.67, 1280.50, 0.00, 0.00
17000000, 32, 128, 17000177, 2.17, 3.17, 13.52, 1205.46, 0.00, 0.00
18000000, 32, 128, 18001125, 2.17, 5.33, 13.10, 1138.39, 0.00, 0.00
19000000, 32, 128, 19002375, 2.17, 6.33, 12.36, 1078.61, 0.00, 0.00
20000000, 32, 128, 19999999, 2.17, 7.50, 11.38, 1024.83, 0.00, 0.00
21000000, 32, 128, 21001967, 3.00, 9.33, 10.24, 975.92, 0.00, 0.00
22000000, 32, 128, 22003207, 3.17, 10.50, 9.02, 931.62, 0.00, 0.00
23000000, 32, 128, 23005029, 4.17, 12.33, 7.82, 891.22, 0.00, 0.00
24000000, 32, 128, 23999995, 5.17, 14.50, 6.67, 853.91, 0.00, 0.00
25000000, 32, 128, 24963210, 9658.17, 63165.50, 5.64, 820.60, 0.00, 0.00
26000000, 32, 128, 25020501, 211401.83, 1608291.17, 5.58, 818.96, 0.00, 0.00
27000000, 32, 128, 25086928, 323325.83, 3014774.50, 5.51, 816.58, 0.00, 0.00
28000000, 32, 128, 25224459, 397134.00, 4270719.83, 5.37, 812.15, 0.00, 0.00
29000000, 32, 128, 25469896, 520152.50, 5272414.00, 5.13, 804.24, 0.00, 0.00
30000000, 32, 128, 25708813, 640123.83, 6124960.33, 4.90, 796.80, 0.00, 0.00
31000000, 32, 128, 25942309, 759687.17, 6860777.67, 4.67, 789.69, 0.00, 0.00
32000000, 32, 128, 26165813, 875302.17, 7478977.33, 4.46, 782.89, 0.00, 0.00
500000, 32, 1024, 500000, 2.17, 2.17, 20.92, 40960.00, 0.00, 0.00
1000000, 32, 1024, 1000000, 2.17, 2.17, 20.92, 20480.00, 0.00, 0.00
2000000, 32, 1024, 2000000, 2.17, 2.17, 20.92, 10240.00, 0.00, 0.00
3000000, 32, 1024, 3000000, 2.17, 2.17, 20.92, 6826.56, 0.00, 0.00
4000000, 32, 1024, 4000000, 2.17, 2.17, 20.92, 5120.00, 0.00, 0.00
5000000, 32, 1024, 5000000, 2.17, 2.17, 20.92, 4096.00, 0.00, 0.00
6000000, 32, 1024, 6000000, 2.17, 2.17, 20.92, 3413.44, 0.00, 0.00
7000000, 32, 1024, 7000146, 2.17, 2.17, 20.92, 2925.76, 0.00, 0.00
8000000, 32, 1024, 8000000, 2.17, 2.17, 20.92, 2560.00, 0.00, 0.00
9000000, 32, 1024, 9000563, 2.17, 2.17, 20.92, 2275.52, 0.00, 0.00
10000000, 32, 1024, 10000000, 2.17, 2.17, 20.92, 2048.00, 0.00, 0.00
11000000, 32, 1024, 11000344, 2.17, 2.17, 20.92, 1861.76, 0.00, 0.00
12000000, 32, 1024, 12000000, 2.17, 2.17, 20.92, 1706.56, 0.00, 0.00
13000000, 32, 1024, 13001084, 2.17, 2.17, 20.92, 1575.36, 0.00, 0.00
14000000, 32, 1024, 14000292, 2.17, 2.17, 20.92, 1462.72, 0.00, 0.00
15000000, 32, 1024, 15000000, 2.17, 2.17, 20.92, 1365.61, 0.00, 0.00
16000000, 32, 1024, 15999999, 2.17, 10.83, 19.81, 1281.23, 0.00, 0.00
17000000, 32, 1024, 17000175, 5.33, 18.33, 17.66, 1205.88, 0.00, 0.00
18000000, 32, 1024, 18001120, 9.50, 27.00, 15.57, 1139.14, 0.00, 0.00
19000000, 32, 1024, 19002367, 13.83, 37.17, 13.70, 1078.93, 0.00, 0.00
20000000, 32, 1024, 19999985, 22.00, 58.00, 12.01, 1025.05, 0.00, 0.00
21000000, 32, 1024, 20421752, 31.83, 3032459.83, 11.35, 1003.47, 0.00, 0.00
22000000, 32, 1024, 20636559, 34.33, 6712219.17, 11.02, 993.21, 0.00, 0.00
23000000, 32, 1024, 20909961, 36.83, 9700215.83, 10.61, 979.63, 0.00, 0.00
24000000, 32, 1024, 21419847, 40.83, 12003889.83, 9.88, 956.24, 0.00, 0.00
25000000, 32, 1024, 21942466, 45.50, 13621513.00, 9.17, 933.48, 0.00, 0.00
26000000, 32, 1024, 22474904, 51.17, 14822433.67, 8.48, 911.36, 0.00, 0.00
27000000, 32, 1024, 23012956, 58.83, 15701186.00, 7.81, 890.07, 0.00, 0.00
28000000, 32, 1024, 23522875, 70.83, 16321332.17, 7.21, 870.75, 0.00, 0.00
29000000, 32, 1024, 23887502, 77.17, 16665000.00, 6.79, 857.60, 0.00, 0.00
30000000, 32, 1024, 24251355, 85.67, 16800550.17, 6.39, 844.66, 0.00, 0.00
31000000, 32, 1024, 24607876, 98.67, 16868909.83, 6.01, 832.41, 0.00, 0.00
32000000, 32, 1024, 24891678, 106.00, 16912431.33, 5.71, 823.00, 0.00, 0.00
